Time(s)              GasTemp(K)           [O2(X)](m^-3)        [O2(a)](m^-3)        [O(3P)](m^-3)       
0.00000000000000e+00 3.77000000000000e+02 2.44429572661769e+23 0.00000000000000e+00 0.00000000000000e+00 
6.63546489197477e-17 3.77000000000000e+02 2.44429572661768e+23 9.23194157872828e+07 7.04086625721465e+08 
1.32709297839495e-16 3.77000000000000e+02 2.44429572661768e+23 1.84638831574565e+08 1.40817325144292e+09 
1.99063946759243e-16 3.77000000000000e+02 2.44429572661767e+23 2.76958247361846e+08 2.11225987716436e+09 
8.62610435956720e-16 3.77000000000000e+02 2.44429572661763e+23 1.20015240523459e+09 9.15312613437788e+09 
1.52615692515420e-15 3.77000000000000e+02 2.44429572661758e+23 2.12334656310725e+09 1.61939923915903e+10 
2.18970341435167e-15 3.77000000000000e+02 2.44429572661754e+23 3.04654072097984e+09 2.32348586488017e+10 
8.82516830632644e-15 3.77000000000000e+02 2.44429572661710e+23 1.22784822996987e+10 9.36435212208229e+10 
1.54606331983012e-14 3.77000000000000e+02 2.44429572661665e+23 2.15104238784097e+10 1.64052183792739e+11 
2.20960980902760e-14 3.77000000000000e+02 2.44429572661621e+23 3.07423654571125e+10 2.34460846364547e+11 
8.84507470100236e-14 3.77000000000000e+02 2.44429572661176e+23 1.23061781243445e+11 9.38547472073368e+11 
1.54805395929771e-13 3.77000000000000e+02 2.44429572660732e+23 2.15381197028986e+11 1.64263409777165e+12 
2.21160044849519e-13 3.77000000000000e+02 2.44429572660288e+23 3.07700612813720e+11 2.34672072345918e+12 
8.84706534046996e-13 3.77000000000000e+02 2.44429572655844e+23 1.23089477059146e+12 9.38758697940823e+12 
1.54825302324447e-12 3.77000000000000e+02 2.44429572651400e+23 2.15408892829001e+12 1.64284532343031e+13 
2.21179951244195e-12 3.77000000000000e+02 2.44429572646957e+23 3.07728308590785e+12 2.34693194881238e+13 
8.84726440441671e-12 3.77000000000000e+02 2.44429572602520e+23 1.23092246551268e+13 9.38779819336982e+13 
1.54827292963915e-11 3.77000000000000e+02 2.44429572558084e+23 2.15411662164256e+13 1.64286644273855e+14 
2.21181941883662e-11 3.77000000000000e+02 2.44429572513648e+23 3.07731077696545e+13 2.34695306506598e+14 
8.84728431081139e-11 3.77000000000000e+02 2.44429572069285e+23 1.23092522605991e+14 9.38781919570739e+14 
1.54827492027862e-10 3.77000000000000e+02 2.44429571624923e+23 2.15411936650322e+14 1.64286852209311e+15 
2.21182140947609e-10 3.77000000000000e+02 2.44429571180560e+23 3.07731349887653e+14 2.34695511387413e+15 
8.84728630145086e-10 3.77000000000000e+02 2.44429566736933e+23 1.23092541266562e+15 9.38782010535490e+15 
1.54827511934256e-09 3.77000000000000e+02 2.44429562293307e+23 2.15411939624292e+15 1.64286840426583e+16 
2.21182160854004e-09 3.77000000000000e+02 2.44429557849682e+23 3.07731329911988e+15 2.34695469058245e+16 
8.84728650051480e-09 3.77000000000000e+02 2.44429513413482e+23 1.23092453682737e+16 9.38780829042834e+16 
1.54827513924896e-08 3.77000000000000e+02 2.44429468977342e+23 2.15411695171614e+16 1.64286513484198e+17 
2.21182162844643e-08 3.77000000000000e+02 2.44429424541265e+23 3.07730855957014e+16 2.34694836649256e+17 
8.84728652042120e-08 3.77000000000000e+02 2.44428980185816e+23 1.23091550337737e+17 9.38768804713677e+17 
1.54827514123960e-07 3.77000000000000e+02 2.44428535836431e+23 2.15409222854619e+17 1.64283223013073e+18 
2.21182163043707e-07 3.77000000000000e+02 2.44428091493224e+23 3.07726088023947e+17 2.34688491292563e+18 
8.84728652241184e-07 3.77000000000000e+02 2.44423648594157e+23 1.23082505360819e+18 9.38648511646773e+18 
1.54827514143866e-06 3.77000000000000e+02 2.44419206302039e+23 2.15384459820099e+18 1.64250302626818e+19 
2.21182163063614e-06 3.77000000000000e+02 2.44414764628667e+23 3.07678309548159e+18 2.34625000116738e+19 
8.84728652261090e-06 3.77000000000000e+02 2.44370381011427e+23 1.23018021973723e+19 9.37796962894629e+19 
1.54827514145857e-05 3.77000000000000e+02 2.44326059291565e+23 2.15186222726609e+19 1.63989495862071e+20 
2.21182163065604e-05 3.77000000000000e+02 2.44281800250367e+23 3.07270630516537e+19 2.34090696699418e+20 
2.87536811985352e-05 3.77000000000000e+02 2.44237604404891e+23 3.99269752634078e+19 3.04082563228473e+20 
9.34934949691028e-05 3.77000000000000e+02 2.43809839635516e+23 1.29196637720805e+20 9.81072777063918e+20 
1.58233308739670e-04 3.77000000000000e+02 2.43388462586546e+23 2.17521617848438e+20 1.64717691474866e+21 
2.22973122510238e-04 3.77000000000000e+02 2.42973757560592e+23 3.04797630490943e+20 2.30203494137053e+21 
2.87712936280806e-04 3.77000000000000e+02 2.42565999005497e+23 3.90921690632725e+20 2.94530393127790e+21 
5.86247141226576e-04 3.77000000000000e+02 2.40781289322563e+23 7.70826364123763e+20 5.75491395016462e+21 
8.84781346172346e-04 3.77000000000000e+02 2.39166008483701e+23 1.11711790992690e+21 8.29289253628193e+21 
1.18331555111812e-03 3.77000000000000e+02 2.37728421836135e+23 1.42521953253871e+21 1.05518625861899e+22 
1.48184975606389e-03 3.77000000000000e+02 2.36467517809741e+23 1.69352478876115e+21 1.25370601265327e+22 
1.78038396100966e-03 3.77000000000000e+02 2.35375311664632e+23 1.92279915832293e+21 1.42629236776283e+22 
2.20096578581522e-03 3.77000000000000e+02 2.34097536645493e+23 2.18469564419751e+21 1.62946807441570e+22 
2.62154761062078e-03 3.77000000000000e+02 2.33088062130225e+23 2.38346435043247e+21 1.79160923622219e+22 
3.04212943542633e-03 3.77000000000000e+02 2.32302489914874e+23 2.53007961694229e+21 1.91940062599040e+22 
3.46271126023189e-03 3.77000000000000e+02 2.31698471926768e+23 2.63540078530669e+21 2.01913998993878e+22 
3.88329308503745e-03 3.77000000000000e+02 2.31238090016756e+23 2.70911442480412e+21 2.09647364404165e+22 
4.65345668042458e-03 3.77000000000000e+02 2.30670655594291e+23 2.78652440077998e+21 2.19447853333959e+22 
5.42362027581171e-03 3.77000000000000e+02 2.30339898348290e+23 2.81858727811548e+21 2.25421740707277e+22 
6.19378387119884e-03 3.77000000000000e+02 2.30149419316098e+23 2.82770116777452e+21 2.29049043557917e+22 
6.96394746658597e-03 3.77000000000000e+02 2.30038001746828e+23 2.82716738702235e+21 2.31288070558384e+22 
7.73411106197310e-03 3.77000000000000e+02 2.29973619677641e+23 2.82265413262129e+21 2.32665977030152e+22 
8.70395348401997e-03 3.77000000000000e+02 2.29934585383059e+23 2.81416641406303e+21 2.33616417292981e+22 
9.67379590606683e-03 3.77000000000000e+02 2.29920174686125e+23 2.80567277677506e+21 2.34074503977403e+22 
1.06436383281137e-02 3.77000000000000e+02 2.29915852339875e+23 2.79900218912148e+21 2.34294362655481e+22 
1.16134807501606e-02 3.77000000000000e+02 2.29914870538108e+23 2.79439708401755e+21 2.34406100792899e+22 
1.25833231722074e-02 3.77000000000000e+02 2.29915186830314e+23 2.79123623613482e+21 2.34462991906431e+22 
1.35531655942543e-02 3.77000000000000e+02 2.29916193635264e+23 2.78897433570822e+21 2.34488093815961e+22 
1.57722896141140e-02 3.77000000000000e+02 2.29916809283355e+23 2.78624502616488e+21 2.34530367045011e+22 
1.79914136339737e-02 3.77000000000000e+02 2.29917343782083e+23 2.78528548976544e+21 2.34538867798431e+22 
2.02105376538335e-02 3.77000000000000e+02 2.29918086595363e+23 2.78505619573445e+21 2.34528597413454e+22 
2.24296616736932e-02 3.77000000000000e+02 2.29918571231157e+23 2.78506087927813e+21 2.34518811026714e+22 
2.46487856935529e-02 3.77000000000000e+02 2.29918663767476e+23 2.78509606151181e+21 2.34516256655650e+22 
3.20686122518617e-02 3.77000000000000e+02 2.29918675035152e+23 2.78512986888214e+21 2.34515355154721e+22 
3.94884388101706e-02 3.77000000000000e+02 2.29918572213522e+23 2.78512129053326e+21 2.34517583154311e+22 
4.69082653684794e-02 3.77000000000000e+02 2.29918581182674e+23 2.78511021872252e+21 2.34517625207478e+22 
5.43280919267883e-02 3.77000000000000e+02 2.29918598600635e+23 2.78510977927902e+21 2.34517285637127e+22 
1.28526357509877e-01 3.77000000000000e+02 2.29918598848751e+23 2.78511220106672e+21 2.34517232239044e+22 
2.02724623092965e-01 3.77000000000000e+02 2.29918598290135e+23 2.78511221505260e+21 2.34517243131648e+22 
2.76922888676053e-01 3.77000000000000e+02 2.29918598284257e+23 2.78511219946307e+21 2.34517243561004e+22 
1.01890554450694e+00 3.77000000000000e+02 2.29918598286009e+23 2.78511219898529e+21 2.34517243535511e+22 
1.76088820033782e+00 3.77000000000000e+02 2.29918598285989e+23 2.78511219907918e+21 2.34517243534039e+22 
2.50287085616870e+00 3.77000000000000e+02 2.29918598285989e+23 2.78511219907992e+21 2.34517243534037e+22 
9.92269741447754e+00 3.77000000000000e+02 2.29918598285992e+23 2.78511219907988e+21 2.34517243534038e+22 
1.73425239727864e+01 3.77000000000000e+02 2.29918598285991e+23 2.78511219907988e+21 2.34517243534038e+22 
2.47623505310952e+01 3.77000000000000e+02 2.29918598285991e+23 2.78511219907988e+21 2.34517243534038e+22 
4.70218302060217e+01 3.77000000000000e+02 2.29918598286000e+23 2.78511219907991e+21 2.34517243534041e+22 
6.92813098809482e+01 3.77000000000000e+02 2.29918598286003e+23 2.78511219907991e+21 2.34517243534042e+22 
9.15407895558748e+01 3.77000000000000e+02 2.29918598285992e+23 2.78511219907988e+21 2.34517243534038e+22 
1.21540789555875e+02 3.77000000000000e+02 2.29918598285978e+23 2.78511219907984e+21 2.34517243534034e+22 
1.30540789555875e+02 3.77000000000000e+02 2.29918598285969e+23 2.78511219907981e+21 2.34517243534031e+22 
1.39540789555875e+02 3.77000000000000e+02 2.29918598285976e+23 2.78511219907983e+21 2.34517243534033e+22 
1.48540789555875e+02 3.77000000000000e+02 2.29918598285975e+23 2.78511219907983e+21 2.34517243534033e+22 
1.56640789555875e+02 3.77000000000000e+02 2.29918598285970e+23 2.78511219907981e+21 2.34517243534031e+22 
1.64740789555875e+02 3.77000000000000e+02 2.29918598285962e+23 2.78511219907979e+21 2.34517243534028e+22 
1.72840789555875e+02 3.77000000000000e+02 2.29918598285964e+23 2.78511219907980e+21 2.34517243534029e+22 
2.53840789555875e+02 3.77000000000000e+02 2.29918598285975e+23 2.78511219907983e+21 2.34517243534033e+22 
3.34840789555875e+02 3.77000000000000e+02 2.29918598285991e+23 2.78511219907988e+21 2.34517243534038e+22 
4.15840789555875e+02 3.77000000000000e+02 2.29918598286015e+23 2.78511219907995e+21 2.34517243534046e+22 
5.15840789555875e+02 3.77000000000000e+02 2.29918598286045e+23 2.78511219908004e+21 2.34517243534055e+22 
5.24840789555875e+02 3.77000000000000e+02 2.29918598286037e+23 2.78511219908002e+21 2.34517243534053e+22 
5.33840789555875e+02 3.77000000000000e+02 2.29918598286045e+23 2.78511219908004e+21 2.34517243534055e+22 
5.42840789555875e+02 3.77000000000000e+02 2.29918598286051e+23 2.78511219908006e+21 2.34517243534057e+22 
5.69840789555875e+02 3.77000000000000e+02 2.29918598286045e+23 2.78511219908005e+21 2.34517243534055e+22 
5.77940789555875e+02 3.77000000000000e+02 2.29918598286049e+23 2.78511219908005e+21 2.34517243534056e+22 
5.86040789555875e+02 3.77000000000000e+02 2.29918598286044e+23 2.78511219908004e+21 2.34517243534055e+22 
5.94140789555875e+02 3.77000000000000e+02 2.29918598286041e+23 2.78511219908003e+21 2.34517243534054e+22 
6.75140789555875e+02 3.77000000000000e+02 2.29918598286083e+23 2.78511219908016e+21 2.34517243534067e+22 
7.56140789555875e+02 3.77000000000000e+02 2.29918598286146e+23 2.78511219908035e+21 2.34517243534088e+22 
8.37140789555875e+02 3.77000000000000e+02 2.29918598286236e+23 2.78511219908063e+21 2.34517243534117e+22 
9.37140789555875e+02 3.77000000000000e+02 2.29918598286268e+23 2.78511219908072e+21 2.34517243534127e+22 
9.55998552689112e+02 3.77000000000000e+02 2.29918598286274e+23 2.78511219908074e+21 2.34517243534129e+22 
9.74856315822350e+02 3.77000000000000e+02 2.29918598286281e+23 2.78511219908076e+21 2.34517243534131e+22 
9.93714078955587e+02 3.77000000000000e+02 2.29918598286275e+23 2.78511219908075e+21 2.34517243534129e+22 
1.00000000000000e+03 3.77000000000000e+02 2.29918598286272e+23 2.78511219908074e+21 2.34517243534128e+22 
