Time(s)              GasTemp(K)           [O2(X)](m^-3)        [O2(a)](m^-3)        [O(3P)](m^-3)       
0.00000000000000e+00 3.77000000000000e+02 1.12811837231228e+23 0.00000000000000e+00 0.00000000000000e+00 
6.45344952420192e-17 3.77000000000000e+02 1.12811837231228e+23 1.57375670096157e+08 4.02593440646045e+08 
1.29068990484038e-16 3.77000000000000e+02 1.12811837231228e+23 3.14751340192313e+08 8.05186881292087e+08 
1.93603485726058e-16 3.77000000000000e+02 1.12811837231227e+23 4.72127010288467e+08 1.20778032193812e+09 
8.38948438146250e-16 3.77000000000000e+02 1.12811837231224e+23 2.04588371124989e+09 5.23371472839816e+09 
1.48429339056644e-15 3.77000000000000e+02 1.12811837231220e+23 3.61964041221117e+09 9.25964913485782e+09 
2.12963834298663e-15 3.77000000000000e+02 1.12811837231217e+23 5.19339711317231e+09 1.32855835413171e+10 
8.58308786718856e-15 3.77000000000000e+02 1.12811837231181e+23 2.09309641227715e+10 5.35449276058763e+10 
1.50365373913905e-14 3.77000000000000e+02 1.12811837231145e+23 3.66685311323567e+10 9.38042716703973e+10 
2.14899869155924e-14 3.77000000000000e+02 1.12811837231109e+23 5.24060981419277e+10 1.34063615734879e+11 
8.60244821576116e-14 3.77000000000000e+02 1.12811837230750e+23 2.09781768236415e+11 5.36657056376349e+11 
1.50558977399631e-13 3.77000000000000e+02 1.12811837230392e+23 3.67157438329509e+11 9.39250497014004e+11 
2.15093472641650e-13 3.77000000000000e+02 1.12811837230033e+23 5.24533108421185e+11 1.34184393764777e+12 
8.60438425061842e-13 3.77000000000000e+02 1.12811837226446e+23 2.09828980921559e+12 5.36777834365026e+12 
1.50578337748203e-12 3.77000000000000e+02 1.12811837222860e+23 3.67204650987077e+12 9.39371274927129e+12 
2.15112832990223e-12 3.77000000000000e+02 1.12811837219273e+23 5.24580321038407e+12 1.34196471545036e+13 
8.60457785410415e-12 3.77000000000000e+02 1.12811837183406e+23 2.09833702032822e+13 5.36789911733074e+13 
1.50580273783061e-11 3.77000000000000e+02 1.12811837147538e+23 3.67209371822567e+13 9.39383351539652e+13 
2.15114769025080e-11 3.77000000000000e+02 1.12811837111671e+23 5.24585041470440e+13 1.34197679095755e+14 
8.60459721445272e-11 3.77000000000000e+02 1.12811836752999e+23 2.09834172571424e+14 5.36791115161680e+14 
1.50580467386546e-10 3.77000000000000e+02 1.12811836394326e+23 3.67209839603448e+14 9.39384547413010e+14 
2.15114962628566e-10 3.77000000000000e+02 1.12811836035654e+23 5.24585505216754e+14 1.34197797577752e+15 
8.60459915048758e-10 3.77000000000000e+02 1.12811832448930e+23 2.09834203900029e+15 5.36791192422549e+15 
1.50580486746895e-09 3.77000000000000e+02 1.12811828862207e+23 3.67209843354801e+15 9.39384549121400e+15 
2.15114981988914e-09 3.77000000000000e+02 1.12811825275484e+23 5.24585468622352e+15 1.34197786695206e+16 
8.60459934409107e-09 3.77000000000000e+02 1.12811789408285e+23 2.09834049779057e+16 5.36790769328784e+16 
1.50580488682930e-08 3.77000000000000e+02 1.12811753541119e+23 3.67209413457163e+16 9.39383370502681e+16 
2.15114983924949e-08 3.77000000000000e+02 1.12811717673986e+23 5.24584635258474e+16 1.34197558299462e+17 
8.60459936345142e-08 3.77000000000000e+02 1.12811359005557e+23 2.09832461700501e+17 5.36786418826179e+17 
1.50580488876533e-07 3.77000000000000e+02 1.12811000340429e+23 3.67205067197712e+17 9.39371464737452e+17 
2.15114984118553e-07 3.77000000000000e+02 1.12810641678663e+23 5.24576253469524e+17 1.34195262382012e+18 
8.60459936538745e-07 3.77000000000000e+02 1.12807055351082e+23 2.09816563418832e+18 5.36742902374854e+18 
1.50580488895894e-06 3.77000000000000e+02 1.12803469353800e+23 3.67161545696307e+18 9.39252394351604e+18 
2.15114984137913e-06 3.77000000000000e+02 1.12799883693243e+23 5.24492290006476e+18 1.34172301714991e+19 
8.60459936558105e-06 3.77000000000000e+02 1.12764045107296e+23 2.09703406760748e+19 5.36435665130165e+19 
1.50580488897830e-05 3.77000000000000e+02 1.12728240197401e+23 3.66813974631031e+19 9.38312727288119e+19 
2.15114984139849e-05 3.77000000000000e+02 1.12692469381741e+23 5.23778128164433e+19 1.33980073342143e+20 
2.79649479381868e-05 3.77000000000000e+02 1.12656732934841e+23 6.80593623074712e+19 1.74089868160537e+20 
9.24994431802061e-05 3.77000000000000e+02 1.12301328064611e+23 2.23989510713454e+20 5.73039311808435e+20 
1.57033938422225e-04 3.77000000000000e+02 1.11949573339247e+23 3.78223303378617e+20 9.68081177204980e+20 
2.21568433664245e-04 3.77000000000000e+02 1.11601636364437e+23 5.30594825107311e+20 1.35921208336727e+21 
2.86102928906264e-04 3.77000000000000e+02 1.11257683101896e+23 6.80939078341040e+20 1.74643010198366e+21 
7.14910882584686e-04 3.77000000000000e+02 1.09082521726265e+23 1.61917146116449e+21 4.22028808759816e+21 
1.14371883626311e-03 3.77000000000000e+02 1.07121541471217e+23 2.42864863069268e+21 6.52329425863700e+21 
1.57252678994153e-03 3.77000000000000e+02 1.05391360185122e+23 3.09088496116263e+21 8.65918416988706e+21 
2.00133474361995e-03 3.77000000000000e+02 1.03891754823125e+23 3.60327443412432e+21 1.06336159479584e+22 
2.43014269729837e-03 3.77000000000000e+02 1.02609996335554e+23 3.97505372493606e+21 1.24535743414776e+22 
2.91453149236825e-03 3.77000000000000e+02 1.01398195606603e+23 4.24690825921949e+21 1.43334667308113e+22 
3.39892028743812e-03 3.77000000000000e+02 1.00404045034016e+23 4.38874608419995e+21 1.60380922260255e+22 
3.88330908250800e-03 3.77000000000000e+02 9.95917416118834e+22 4.43026809380883e+21 1.75796550510724e+22 
4.36769787757787e-03 3.77000000000000e+02 9.89278549510674e+22 4.39877652517336e+21 1.89704115099753e+22 
4.85208667264775e-03 3.77000000000000e+02 9.83827985901908e+22 4.31783944427214e+21 2.02223983935310e+22 
5.60156760824561e-03 3.77000000000000e+02 9.77184265990656e+22 4.13702523539319e+21 2.19127707935393e+22 
6.35104854384347e-03 3.77000000000000e+02 9.72086872610966e+22 3.93364258444065e+21 2.33390147713824e+22 
7.10052947944133e-03 3.77000000000000e+02 9.68065345629642e+22 3.73600051932211e+21 2.45386042978843e+22 
7.85001041503919e-03 3.77000000000000e+02 9.64800185554251e+22 3.55951342560020e+21 2.55446105004062e+22 
8.59949135063705e-03 3.77000000000000e+02 9.62096534581822e+22 3.40906072205342e+21 2.63862461019855e+22 
9.54255680289534e-03 3.77000000000000e+02 9.59307073298008e+22 3.25349494011332e+21 2.72552699226286e+22 
1.04856222551536e-02 3.77000000000000e+02 9.57059725374107e+22 3.13262137602540e+21 2.79464866355847e+22 
1.14286877074119e-02 3.77000000000000e+02 9.55235586194417e+22 3.04116524957636e+21 2.84942267244207e+22 
1.23717531596702e-02 3.77000000000000e+02 9.53754004076792e+22 2.97272175502844e+21 2.89274301370416e+22 
1.39094299856749e-02 3.77000000000000e+02 9.51940448340232e+22 2.89560336469902e+21 2.94443780650123e+22 
1.54471068116795e-02 3.77000000000000e+02 9.50687735497748e+22 2.84543675115366e+21 2.97952538605999e+22 
1.69847836376841e-02 3.77000000000000e+02 9.49820422264947e+22 2.81240814816661e+21 3.00347737131342e+22 
1.85224604636888e-02 3.77000000000000e+02 9.49217700917220e+22 2.79076688946546e+21 3.01986005000835e+22 
2.00601372896934e-02 3.77000000000000e+02 9.48801191585320e+22 2.77652567253275e+21 3.03103848003316e+22 
2.26216266964167e-02 3.77000000000000e+02 9.48388384400641e+22 2.76288696528776e+21 3.04202236517598e+22 
2.51831161031399e-02 3.77000000000000e+02 9.48170056954711e+22 2.75567167986199e+21 3.04783197118028e+22 
2.77446055098632e-02 3.77000000000000e+02 9.48049481435280e+22 2.75162194989474e+21 3.05105342756314e+22 
3.03060949165864e-02 3.77000000000000e+02 9.47982499587164e+22 2.74936687395730e+21 3.05284407971368e+22 
3.28675843233097e-02 3.77000000000000e+02 9.47947015809646e+22 2.74817268298326e+21 3.05379259345925e+22 
3.84286419327028e-02 3.77000000000000e+02 9.47912739848392e+22 2.74701042789135e+21 3.05471056370308e+22 
4.39896995420960e-02 3.77000000000000e+02 9.47908834870430e+22 2.74680830115689e+21 3.05482908860860e+22 
4.95507571514892e-02 3.77000000000000e+02 9.47910086534943e+22 2.74685991399844e+21 3.05479373274939e+22 
5.51118147608823e-02 3.77000000000000e+02 9.47910538170701e+22 2.74691072146651e+21 3.05477453854027e+22 
1.10722390854814e-01 3.77000000000000e+02 9.47910068155772e+22 2.74691857037479e+21 3.05478236905663e+22 
1.66332966948746e-01 3.77000000000000e+02 9.47909964939864e+22 2.74691377240830e+21 3.05478539296806e+22 
2.21943543042677e-01 3.77000000000000e+02 9.47909956230119e+22 2.74691371108235e+21 3.05478557942817e+22 
7.78049303981994e-01 3.77000000000000e+02 9.47909957785391e+22 2.74691355365718e+21 3.05478557980776e+22 
1.33415506492131e+00 3.77000000000000e+02 9.47909957845709e+22 2.74691356074097e+21 3.05478557718464e+22 
1.89026082586063e+00 3.77000000000000e+02 9.47909957878124e+22 2.74691355722619e+21 3.05478557723925e+22 
7.45131843525379e+00 3.77000000000000e+02 9.47909957876329e+22 2.74691355749538e+21 3.05478557722142e+22 
1.30123760446470e+01 3.77000000000000e+02 9.47909957876240e+22 2.74691355750647e+21 3.05478557722130e+22 
1.85734336540401e+01 3.77000000000000e+02 9.47909957876234e+22 2.74691355751201e+21 3.05478557722118e+22 
7.41840097479717e+01 3.77000000000000e+02 9.47909957876061e+22 2.74691355751227e+21 3.05478557722090e+22 
1.29794585841903e+02 3.77000000000000e+02 9.47909957876071e+22 2.74691355751221e+21 3.05478557722092e+22 
1.85405161935835e+02 3.77000000000000e+02 9.47909957875963e+22 2.74691355751233e+21 3.05478557722073e+22 
2.15405161935835e+02 3.77000000000000e+02 9.47909957875930e+22 2.74691355751234e+21 3.05478557722069e+22 
2.45405161935835e+02 3.77000000000000e+02 9.47909957875731e+22 2.74691355751248e+21 3.05478557722037e+22 
2.75405161935835e+02 3.77000000000000e+02 9.47909957875728e+22 2.74691355751248e+21 3.05478557722036e+22 
2.84405161935835e+02 3.77000000000000e+02 9.47909957875709e+22 2.74691355751250e+21 3.05478557722033e+22 
2.93405161935835e+02 3.77000000000000e+02 9.47909957875704e+22 2.74691355751250e+21 3.05478557722032e+22 
3.02405161935835e+02 3.77000000000000e+02 9.47909957875661e+22 2.74691355751253e+21 3.05478557722025e+22 
3.92405161935835e+02 3.77000000000000e+02 9.47909957875771e+22 2.74691355751245e+21 3.05478557722043e+22 
4.82405161935835e+02 3.77000000000000e+02 9.47909957876121e+22 2.74691355751220e+21 3.05478557722099e+22 
5.72405161935835e+02 3.77000000000000e+02 9.47909957875867e+22 2.74691355751238e+21 3.05478557722058e+22 
6.02405161935835e+02 3.77000000000000e+02 9.47909957875873e+22 2.74691355751238e+21 3.05478557722060e+22 
6.32405161935835e+02 3.77000000000000e+02 9.47909957875843e+22 2.74691355751240e+21 3.05478557722055e+22 
6.62405161935835e+02 3.77000000000000e+02 9.47909957875759e+22 2.74691355751246e+21 3.05478557722041e+22 
6.92405161935835e+02 3.77000000000000e+02 9.47909957875690e+22 2.74691355751251e+21 3.05478557722030e+22 
7.22405161935835e+02 3.77000000000000e+02 9.47909957875652e+22 2.74691355751254e+21 3.05478557722024e+22 
7.52405161935835e+02 3.77000000000000e+02 9.47909957875702e+22 2.74691355751250e+21 3.05478557722032e+22 
8.52405161935835e+02 3.77000000000000e+02 9.47909957875735e+22 2.74691355751248e+21 3.05478557722037e+22 
9.52405161935835e+02 3.77000000000000e+02 9.47909957875565e+22 2.74691355751260e+21 3.05478557722010e+22 
9.56688697361610e+02 3.77000000000000e+02 9.47909957875565e+22 2.74691355751260e+21 3.05478557722010e+22 
9.60972232787385e+02 3.77000000000000e+02 9.47909957875564e+22 2.74691355751260e+21 3.05478557722010e+22 
9.65255768213160e+02 3.77000000000000e+02 9.47909957875552e+22 2.74691355751261e+21 3.05478557722008e+22 
1.00000000000000e+03 3.77000000000000e+02 9.47909957875655e+22 2.74691355751253e+21 3.05478557722024e+22 
