Time(s)              GasTemp(K)           [O2(X)](m^-3)        [O2(a)](m^-3)        [O(3P)](m^-3)       
0.00000000000000e+00 3.77000000000000e+02 4.63152877931301e+22 0.00000000000000e+00 0.00000000000000e+00 
1.47819494836738e-16 3.77000000000000e+02 4.63152877931299e+22 5.67062800376797e+07 2.92267555960057e+08 
2.95638989673477e-16 3.77000000000000e+02 4.63152877931297e+22 1.13412560075358e+08 5.84535111920105e+08 
4.43458484510215e-16 3.77000000000000e+02 4.63152877931295e+22 1.70118840113036e+08 8.76802667880147e+08 
1.92165343287760e-15 3.77000000000000e+02 4.63152877931275e+22 7.37181640489731e+08 3.79947822747988e+09 
3.39984838124498e-15 3.77000000000000e+02 4.63152877931254e+22 1.30424444086633e+09 6.72215378707884e+09 
4.87804332961237e-15 3.77000000000000e+02 4.63152877931234e+22 1.87130724124284e+09 9.64482934667702e+09 
1.96599928132862e-14 3.77000000000000e+02 4.63152877931031e+22 7.54193524499962e+09 3.88715849425911e+10 
3.44419422969601e-14 3.77000000000000e+02 4.63152877930828e+22 1.32125632487470e+10 6.80983405384282e+10 
4.92238917806339e-14 3.77000000000000e+02 4.63152877930625e+22 1.88831912524848e+10 9.73250961341867e+10 
1.97043386617372e-13 3.77000000000000e+02 4.63152877928597e+22 7.55894712890362e+10 3.89592652085003e+11 
3.44862881454111e-13 3.77000000000000e+02 4.63152877926569e+22 1.32295751324647e+11 6.81860208028115e+11 
4.92682376290849e-13 3.77000000000000e+02 4.63152877924540e+22 1.89002031359299e+11 9.74127763963378e+11 
1.97087732465823e-12 3.77000000000000e+02 4.63152877904256e+22 7.56064831623170e+11 3.89680332263906e+12 
3.44907227302562e-12 3.77000000000000e+02 4.63152877883972e+22 1.32312763179298e+12 6.81947888054438e+12 
4.92726722139300e-12 3.77000000000000e+02 4.63152877863688e+22 1.89019043186695e+12 9.74215443766474e+12 
1.97092167050668e-11 3.77000000000000e+02 4.63152877660848e+22 7.56081842434124e+12 3.89689099411741e+13 
3.44911661887407e-11 3.77000000000000e+02 4.63152877458008e+22 1.32314464074094e+13 6.81956653676464e+13 
4.92731156724145e-11 3.77000000000000e+02 4.63152877255168e+22 1.89020743808934e+13 9.74224207156230e+13 
1.97092610509153e-10 3.77000000000000e+02 4.63152875226768e+22 7.56083532891955e+13 3.89689967425967e+14 
3.44912105345891e-10 3.77000000000000e+02 4.63152873198367e+22 1.32314631256885e+14 6.81957506432605e+14 
4.92731600182630e-10 3.77000000000000e+02 4.63152871169967e+22 1.89020908266154e+14 9.74225037589679e+14 
1.97092654855001e-09 3.77000000000000e+02 4.63152850885967e+22 7.56083595705062e+14 3.89689967221834e+15 
3.44912149691740e-09 3.77000000000000e+02 4.63152830601972e+22 1.32314618908264e+15 6.81957353647655e+15 
4.92731644528478e-09 3.77000000000000e+02 4.63152810317981e+22 1.89020868661792e+15 9.74224661577874e+15 
1.97092659289586e-08 3.77000000000000e+02 4.63152607478499e+22 7.56082539655596e+15 3.89689097147535e+16 
3.44912154126325e-08 3.77000000000000e+02 4.63152404639495e+22 1.32314327002593e+16 6.81954957768511e+16 
4.92731648963063e-08 3.77000000000000e+02 4.63152201800980e+22 1.89020304195795e+16 9.74220033437716e+16 
1.97092659733045e-07 3.77000000000000e+02 4.63150173457942e+22 7.56071810342300e+16 3.89680309768831e+17 
3.44912154569783e-07 3.77000000000000e+02 4.63148145162829e+22 1.32311390923474e+17 6.81930912673427e+17 
4.92731649406522e-07 3.77000000000000e+02 4.63146116916546e+22 1.89014642221189e+17 9.74173666485385e+17 
1.97092659777391e-06 3.77000000000000e+02 4.63125838664494e+22 7.55964460299060e+17 3.89592444076818e+18 
3.44912154614129e-06 3.77000000000000e+02 4.63105565205110e+22 1.32282010397154e+18 6.81690503024041e+18 
4.92731649450867e-06 3.77000000000000e+02 4.63085296628268e+22 1.88957973551310e+18 9.73710113554298e+18 
1.97092659781825e-05 3.77000000000000e+02 4.62882871123107e+22 7.55203479060403e+18 3.88972920575411e+19 
3.44912154618564e-05 3.77000000000000e+02 4.62680930605439e+22 1.32048771045046e+19 6.79797109634184e+19 
4.92731649455302e-05 3.77000000000000e+02 4.62479478298136e+22 1.88479789156445e+19 9.69839688017549e+19 
6.40551144292040e-05 3.77000000000000e+02 4.62278515203662e+22 2.44812534149276e+19 1.25910038697892e+20 
2.10843221350263e-04 3.77000000000000e+02 4.60309398932324e+22 7.98658350719279e+19 4.08964129651492e+20 
3.57631328271322e-04 3.77000000000000e+02 4.58388281444052e+22 1.34215625325729e+20 6.84488046798363e+20 
5.04419435192380e-04 3.77000000000000e+02 4.56514894155762e+22 1.87482224756629e+20 9.52632305594478e+20 
6.51207542113439e-04 3.77000000000000e+02 4.54688899917546e+22 2.39620707638655e+20 1.21355418747377e+21 
1.18976211960119e-03 3.77000000000000e+02 4.48387903896750e+22 4.20757825988761e+20 2.11147915493268e+21 
1.72831669708895e-03 3.77000000000000e+02 4.42693428197015e+22 5.85010970324974e+20 2.92186800620720e+21 
2.26687127457670e-03 3.77000000000000e+02 4.37573791717043e+22 7.31851863620435e+20 3.65211351561061e+21 
2.80542585206446e-03 3.77000000000000e+02 4.32992119050822e+22 8.61457058020199e+20 4.30923766005527e+21 
3.34398042955221e-03 3.77000000000000e+02 4.28908532212934e+22 9.74518984291584e+20 4.89983117509001e+21 
4.28157483238872e-03 3.77000000000000e+02 4.22865341808548e+22 1.13522606690063e+21 5.78705509074911e+21 
5.21916923522524e-03 3.77000000000000e+02 4.17996141407796e+22 1.25557759991344e+21 6.52019210487381e+21 
6.15676363806175e-03 3.77000000000000e+02 4.14104904683210e+22 1.34272318863136e+21 7.12414827235531e+21 
7.09435804089826e-03 3.77000000000000e+02 4.11014528942509e+22 1.40346515683818e+21 7.62073948408225e+21 
8.03195244373477e-03 3.77000000000000e+02 4.08572483925661e+22 1.44384052125269e+21 8.02839775862325e+21 
9.66416042825082e-03 3.77000000000000e+02 4.05508269607210e+22 1.47991780551348e+21 8.56908605379196e+21 
1.12963684127669e-02 3.77000000000000e+02 4.03503927693403e+22 1.48973809030384e+21 8.95031386697187e+21 
1.29285763972829e-02 3.77000000000000e+02 4.02197628624794e+22 1.48614222517940e+21 9.21876541094137e+21 
1.45607843817990e-02 3.77000000000000e+02 4.01354684174313e+22 1.47630168430129e+21 9.40703538279280e+21 
1.61929923663150e-02 3.77000000000000e+02 4.00818933006993e+22 1.46420222855177e+21 9.53838452775503e+21 
1.81930830517840e-02 3.77000000000000e+02 4.00429167959357e+22 1.44956674948694e+21 9.64560849541117e+21 
2.01931737372530e-02 3.77000000000000e+02 4.00209495026819e+22 1.43719132636280e+21 9.71429392816618e+21 
2.21932644227219e-02 3.77000000000000e+02 4.00086157297580e+22 1.42748436834148e+21 9.75837539005606e+21 
2.41933551081909e-02 3.77000000000000e+02 4.00019813075835e+22 1.42006594789825e+21 9.78648107529096e+21 
2.61934457936599e-02 3.77000000000000e+02 3.99987106437268e+22 1.41447878921716e+21 9.80419672036624e+21 
3.01737138688394e-02 3.77000000000000e+02 3.99964340522761e+22 1.40777411524712e+21 9.82215925120623e+21 
3.41539819440190e-02 3.77000000000000e+02 3.99962625357815e+22 1.40445762571117e+21 9.82913526326654e+21 
3.81342500191986e-02 3.77000000000000e+02 3.99965278745220e+22 1.40280097029070e+21 9.83191789662616e+21 
4.21145180943781e-02 3.77000000000000e+02 3.99968087045439e+22 1.40197542159969e+21 9.83300733396446e+21 
4.60947861695577e-02 3.77000000000000e+02 3.99970124985473e+22 1.40159467947570e+21 9.83336123020572e+21 
5.46446242657115e-02 3.77000000000000e+02 3.99972140456870e+22 1.40130484618387e+21 9.83353780251006e+21 
6.31944623618654e-02 3.77000000000000e+02 3.99972424375572e+22 1.40132938640640e+21 9.83343193832451e+21 
7.17443004580192e-02 3.77000000000000e+02 3.99972283025258e+22 1.40136524547295e+21 9.83338849025425e+21 
8.02941385541730e-02 3.77000000000000e+02 3.99972201312497e+22 1.40136951050090e+21 9.83339630275057e+21 
1.58338165622060e-01 3.77000000000000e+02 3.99972220970711e+22 1.40135995327100e+21 9.83341148556768e+21 
2.36382192689947e-01 3.77000000000000e+02 3.99972229870311e+22 1.40135892343567e+21 9.83341176531822e+21 
3.14426219757834e-01 3.77000000000000e+02 3.99972230321388e+22 1.40135894254712e+21 9.83341163687992e+21 
1.09486649043670e+00 3.77000000000000e+02 3.99972230262738e+22 1.40135895416144e+21 9.83341162538144e+21 
1.87530676111557e+00 3.77000000000000e+02 3.99972230258883e+22 1.40135895392121e+21 9.83341162663271e+21 
2.65574703179444e+00 3.77000000000000e+02 3.99972230258783e+22 1.40135895392077e+21 9.83341162665339e+21 
1.04601497385831e+01 3.77000000000000e+02 3.99972230258785e+22 1.40135895392046e+21 9.83341162665214e+21 
1.82645524453718e+01 3.77000000000000e+02 3.99972230258791e+22 1.40135895392046e+21 9.83341162665221e+21 
2.60689551521605e+01 3.77000000000000e+02 3.99972230258798e+22 1.40135895392046e+21 9.83341162665236e+21 
1.04112982220047e+02 3.77000000000000e+02 3.99972230258823e+22 1.40135895392047e+21 9.83341162665283e+21 
1.82157009287934e+02 3.77000000000000e+02 3.99972230258834e+22 1.40135895392047e+21 9.83341162665305e+21 
2.60201036355821e+02 3.77000000000000e+02 3.99972230258871e+22 1.40135895392047e+21 9.83341162665376e+21 
3.60201036355821e+02 3.77000000000000e+02 3.99972230258859e+22 1.40135895392047e+21 9.83341162665353e+21 
4.60201036355821e+02 3.77000000000000e+02 3.99972230258815e+22 1.40135895392046e+21 9.83341162665268e+21 
5.60201036355821e+02 3.77000000000000e+02 3.99972230258708e+22 1.40135895392045e+21 9.83341162665064e+21 
6.60201036355821e+02 3.77000000000000e+02 3.99972230258576e+22 1.40135895392043e+21 9.83341162664809e+21 
7.60201036355821e+02 3.77000000000000e+02 3.99972230258577e+22 1.40135895392043e+21 9.83341162664813e+21 
8.60201036355821e+02 3.77000000000000e+02 3.99972230258500e+22 1.40135895392041e+21 9.83341162664665e+21 
9.60201036355821e+02 3.77000000000000e+02 3.99972230258482e+22 1.40135895392041e+21 9.83341162664629e+21 
1.00000000000000e+03 3.77000000000000e+02 3.99972230258481e+22 1.40135895392041e+21 9.83341162664627e+21 
