Time(s)              GasTemp(K)           [O2(X)](m^-3)        [O2(a)](m^-3)        [O(3P)](m^-3)       
0.00000000000000e+00 3.77000000000000e+02 1.14723277700661e+23 0.00000000000000e+00 0.00000000000000e+00 
9.73552862935257e-17 3.77000000000000e+02 1.14723277700661e+23 1.02229995803515e+08 4.49261219873486e+08 
1.94710572587051e-16 3.77000000000000e+02 1.14723277700661e+23 2.04459991607030e+08 8.98522439746968e+08 
2.92065858880577e-16 3.77000000000000e+02 1.14723277700660e+23 3.06689987410542e+08 1.34778365962045e+09 
1.26561872181583e-15 3.77000000000000e+02 1.14723277700657e+23 1.32898994544555e+09 5.84039585835481e+09 
2.23917158475109e-15 3.77000000000000e+02 1.14723277700654e+23 2.35128990348043e+09 1.03330080570887e+10 
3.21272444768635e-15 3.77000000000000e+02 1.14723277700651e+23 3.37358986151517e+09 1.48256202558222e+10 
1.29482530770389e-14 3.77000000000000e+02 1.14723277700618e+23 1.35965894418507e+10 5.97517422431162e+10 
2.26837817063915e-14 3.77000000000000e+02 1.14723277700585e+23 2.38195890221729e+10 1.04677864230364e+11 
3.24193103357441e-14 3.77000000000000e+02 1.14723277700553e+23 3.40425886024813e+10 1.49603986217565e+11 
1.29774596629270e-13 3.77000000000000e+02 1.14723277700226e+23 1.36272584404385e+11 5.98865206085539e+11 
2.27129882922796e-13 3.77000000000000e+02 1.14723277699899e+23 2.38502580204946e+11 1.04812642594892e+12 
3.24485169216321e-13 3.77000000000000e+02 1.14723277699572e+23 3.40732576004137e+11 1.49738764580761e+12 
1.29803803215158e-12 3.77000000000000e+02 1.14723277696303e+23 1.36303253387798e+12 5.98999984399065e+12 
2.27159089508684e-12 3.77000000000000e+02 1.14723277693035e+23 2.38533249161747e+12 1.04826120417141e+13 
3.24514375802209e-12 3.77000000000000e+02 1.14723277689766e+23 3.40763244922005e+12 1.49752242389691e+13 
1.29806723873747e-11 3.77000000000000e+02 1.14723277657080e+23 1.36306320134393e+13 5.99013461711306e+13 
2.27162010167272e-11 3.77000000000000e+02 1.14723277624394e+23 2.38536315642226e+13 1.04827468057329e+14 
3.24517296460798e-11 3.77000000000000e+02 1.14723277591708e+23 3.40766311013154e+13 1.49753589896693e+14 
1.29807015939606e-10 3.77000000000000e+02 1.14723277264847e+23 1.36306625291590e+14 5.99014804251412e+14 
2.27162302233131e-10 3.77000000000000e+02 1.14723276937987e+23 2.38536618138261e+14 1.04827601400978e+15 
3.24517588526657e-10 3.77000000000000e+02 1.14723276611126e+23 3.40766609615891e+14 1.49753721908476e+15 
1.29807045146191e-09 3.77000000000000e+02 1.14723273342521e+23 1.36306640632673e+15 5.99014886594238e+15 
2.27162331439717e-09 3.77000000000000e+02 1.14723270073915e+23 2.38536606867723e+15 1.04827600531644e+16 
3.24517617733243e-09 3.77000000000000e+02 1.14723266805310e+23 3.40766559412344e+15 1.49753707720483e+16 
1.29807048066850e-08 3.77000000000000e+02 1.14723234119294e+23 1.36306490420147e+16 5.99014375716397e+16 
2.27162334360376e-08 3.77000000000000e+02 1.14723201433313e+23 2.38536190537957e+16 1.04827458407572e+17 
3.24517620653902e-08 3.77000000000000e+02 1.14723168747370e+23 3.40765753750381e+16 1.49753432409557e+17 
1.29807048358916e-07 3.77000000000000e+02 1.14722841891137e+23 1.36304957905307e+17 5.99009133480123e+17 
2.27162334652442e-07 3.77000000000000e+02 1.14722515038546e+23 2.38531996748936e+17 1.04826023808589e+18 
3.24517620945967e-07 3.77000000000000e+02 1.14722188189665e+23 3.40757666430165e+17 1.49750665916624e+18 
1.29807048388122e-06 3.77000000000000e+02 1.14718920020916e+23 1.36289626995775e+18 5.98956695048341e+18 
2.27162334681648e-06 3.77000000000000e+02 1.14715652216484e+23 2.38490042923111e+18 1.04811674964717e+19 
3.24517620975174e-06 3.77000000000000e+02 1.14712384783318e+23 3.40676756384188e+18 1.49722995594713e+19 
1.29807048391043e-05 3.77000000000000e+02 1.14679730272003e+23 1.36181174054338e+19 5.98586225059966e+19 
2.27162334684569e-05 3.77000000000000e+02 1.14647112735976e+23 2.38157999332900e+19 1.04698329504369e+20 
3.24517620978095e-05 3.77000000000000e+02 1.14614532503848e+23 3.39996762801402e+19 1.49491041067235e+20 
4.21872907271620e-05 3.77000000000000e+02 1.14581989739687e+23 4.41696675474902e+19 1.94236586854235e+20 
1.39542577020688e-04 3.77000000000000e+02 1.14258649976554e+23 1.45089445442418e+20 6.39076557329488e+20 
2.36897863314213e-04 3.77000000000000e+02 1.13939138654052e+23 2.44570637117508e+20 1.07913681898469e+21 
3.34253149607739e-04 3.77000000000000e+02 1.13623517548131e+23 3.42574982998827e+20 1.51437033906360e+21 
4.31608435901265e-04 3.77000000000000e+02 1.13311846222522e+23 4.39065410822717e+20 1.94473213463281e+21 
9.75103053359519e-04 3.77000000000000e+02 1.11646408046367e+23 9.48690098328498e+20 4.25635911193135e+21 
1.51859767081777e-03 3.77000000000000e+02 1.10111679249062e+23 1.40624325048981e+21 6.41071040221847e+21 
2.06209228827603e-03 3.77000000000000e+02 1.08710113148376e+23 1.80995299199922e+21 8.40642312057162e+21 
2.60558690573428e-03 3.77000000000000e+02 1.07440225893186e+23 2.16037764635636e+21 1.02453483222389e+22 
3.14908152319254e-03 3.77000000000000e+02 1.06297377025166e+23 2.45994479221739e+21 1.19319117665566e+22 
4.01347003975670e-03 3.77000000000000e+02 1.04724428302258e+23 2.84058276803594e+21 1.43165332607344e+22 
4.87785855632087e-03 3.77000000000000e+02 1.03424222547629e+23 3.11818286648112e+21 1.63617445731032e+22 
5.74224707288503e-03 3.77000000000000e+02 1.02361100090957e+23 3.31126230932725e+21 1.81018306007546e+22 
6.60663558944920e-03 3.77000000000000e+02 1.01498979895669e+23 3.43789983257376e+21 1.95727959448370e+22 
7.47102410601336e-03 3.77000000000000e+02 1.00804453042191e+23 3.51416405262267e+21 2.08093212116944e+22 
8.94742123167238e-03 3.77000000000000e+02 9.99254712936615e+22 3.56349554752437e+21 2.24686217189506e+22 
1.04238183573314e-02 3.77000000000000e+02 9.93305293207265e+22 3.55380216110916e+21 2.36778924376500e+22 
1.19002154829904e-02 3.77000000000000e+02 9.89298378031928e+22 3.51714821998026e+21 2.45525833549738e+22 
1.33766126086494e-02 3.77000000000000e+02 9.86613814459824e+22 3.47107956480133e+21 2.51816333797510e+22 
1.48530097343084e-02 3.77000000000000e+02 9.84828116103556e+22 3.42461446083332e+21 2.56317032589395e+22 
1.66044487624715e-02 3.77000000000000e+02 9.83483015207632e+22 3.37512526801110e+21 2.59997018237674e+22 
1.83558877906345e-02 3.77000000000000e+02 9.82659675822239e+22 3.33494458141855e+21 2.62447310740298e+22 
2.01073268187975e-02 3.77000000000000e+02 9.82155490461735e+22 3.30396247822401e+21 2.64075323525187e+22 
2.18587658469605e-02 3.77000000000000e+02 9.81850727240219e+22 3.28062740866637e+21 2.65151551359363e+22 
2.36102048751235e-02 3.77000000000000e+02 9.81670322078013e+22 3.26332040407100e+21 2.65858501775678e+22 
2.70400203363770e-02 3.77000000000000e+02 9.81501929722525e+22 3.24277336261559e+21 2.66606227315738e+22 
3.04698357976306e-02 3.77000000000000e+02 9.81443745406893e+22 3.23246319585436e+21 2.66928799282209e+22 
3.38996512588842e-02 3.77000000000000e+02 9.81424268064275e+22 3.22721039979751e+21 2.67072809888672e+22 
3.73294667201377e-02 3.77000000000000e+02 9.81418857940812e+22 3.22452888399444e+21 2.67137260451774e+22 
4.07592821813913e-02 3.77000000000000e+02 9.81418493569567e+22 3.22324348100690e+21 2.67163697254084e+22 
4.74709943823812e-02 3.77000000000000e+02 9.81419505785842e+22 3.22227392369506e+21 2.67181063967825e+22 
5.41827065833711e-02 3.77000000000000e+02 9.81420623832160e+22 3.22224208237501e+21 2.67179464701587e+22 
6.08944187843611e-02 3.77000000000000e+02 9.81420840633903e+22 3.22232318004374e+21 2.67177409144719e+22 
6.76061309853510e-02 3.77000000000000e+02 9.81420712924523e+22 3.22234524004666e+21 2.67177223363417e+22 
1.34723252995250e-01 3.77000000000000e+02 9.81420603528556e+22 3.22232495625199e+21 2.67177847831240e+22 
2.01840375005150e-01 3.77000000000000e+02 9.81420609582600e+22 3.22232111282100e+21 2.67177912591773e+22 
2.68957497015049e-01 3.77000000000000e+02 9.81420611312205e+22 3.22232101340437e+21 2.67177911120897e+22 
9.40128717114042e-01 3.77000000000000e+02 9.81420611421242e+22 3.22232104205698e+21 2.67177910329769e+22 
1.61129993721303e+00 3.77000000000000e+02 9.81420611404797e+22 3.22232104304874e+21 2.67177910342829e+22 
2.28247115731203e+00 3.77000000000000e+02 9.81420611404075e+22 3.22232104309346e+21 2.67177910343382e+22 
8.99418335830196e+00 3.77000000000000e+02 9.81420611404084e+22 3.22232104309358e+21 2.67177910343377e+22 
1.57058955592919e+01 3.77000000000000e+02 9.81420611404065e+22 3.22232104309352e+21 2.67177910343374e+22 
2.24176077602818e+01 3.77000000000000e+02 9.81420611404077e+22 3.22232104309353e+21 2.67177910343376e+22 
4.25527443632516e+01 3.77000000000000e+02 9.81420611404120e+22 3.22232104309357e+21 2.67177910343380e+22 
6.26878809662214e+01 3.77000000000000e+02 9.81420611404143e+22 3.22232104309359e+21 2.67177910343383e+22 
8.28230175691912e+01 3.77000000000000e+02 9.81420611404222e+22 3.22232104309365e+21 2.67177910343391e+22 
1.82823017569191e+02 3.77000000000000e+02 9.81420611404203e+22 3.22232104309364e+21 2.67177910343389e+22 
2.82823017569191e+02 3.77000000000000e+02 9.81420611404346e+22 3.22232104309376e+21 2.67177910343405e+22 
3.82823017569191e+02 3.77000000000000e+02 9.81420611404049e+22 3.22232104309351e+21 2.67177910343373e+22 
4.82823017569191e+02 3.77000000000000e+02 9.81420611403683e+22 3.22232104309319e+21 2.67177910343333e+22 
5.82823017569191e+02 3.77000000000000e+02 9.81420611403200e+22 3.22232104309278e+21 2.67177910343280e+22 
6.82823017569191e+02 3.77000000000000e+02 9.81420611403217e+22 3.22232104309280e+21 2.67177910343282e+22 
7.82823017569191e+02 3.77000000000000e+02 9.81420611403167e+22 3.22232104309276e+21 2.67177910343276e+22 
8.82823017569191e+02 3.77000000000000e+02 9.81420611403132e+22 3.22232104309273e+21 2.67177910343272e+22 
9.82823017569191e+02 3.77000000000000e+02 9.81420611403353e+22 3.22232104309291e+21 2.67177910343297e+22 
1.00000000000000e+03 3.77000000000000e+02 9.81420611403261e+22 3.22232104309284e+21 2.67177910343286e+22 
