Time(s)              GasTemp(K)           [O2(X)](m^-3)        [O2(a)](m^-3)        [O(3P)](m^-3)       
0.00000000000000e+00 3.77000000000000e+02 1.14954873805024e+23 0.00000000000000e+00 0.00000000000000e+00 
6.85249428415289e-17 3.77000000000000e+02 1.14954873805024e+23 1.89565862986845e+08 3.85081590200476e+08 
1.37049885683058e-16 3.77000000000000e+02 1.14954873805024e+23 3.79131725973688e+08 7.70163180400948e+08 
2.05574828524587e-16 3.77000000000000e+02 1.14954873805023e+23 5.68697588960530e+08 1.15524477060142e+09 
8.90824256939876e-16 3.77000000000000e+02 1.14954873805019e+23 2.46435621882879e+09 5.00606067260567e+09 
1.57607368535517e-15 3.77000000000000e+02 1.14954873805016e+23 4.36001484869689e+09 8.85687657460946e+09 
2.26132311377045e-15 3.77000000000000e+02 1.14954873805012e+23 6.25567347856481e+09 1.27076924766128e+10 
9.11381739792335e-15 3.77000000000000e+02 1.14954873804974e+23 2.52122597772291e+10 5.12158514966048e+10 
1.59663116820762e-14 3.77000000000000e+02 1.14954873804935e+23 4.41688460758763e+10 8.97240105165499e+10 
2.28188059662291e-14 3.77000000000000e+02 1.14954873804897e+23 6.31254323745062e+10 1.28232169536447e+11 
9.13437488077580e-14 3.77000000000000e+02 1.14954873804515e+23 2.52691295359311e+11 5.13313759731308e+11 
1.59868691649287e-13 3.77000000000000e+02 1.14954873804133e+23 4.42257158342414e+11 8.98395349921487e+11 
2.28393634490816e-13 3.77000000000000e+02 1.14954873803751e+23 6.31823021323784e+11 1.28347694010690e+12 
9.13643062906105e-13 3.77000000000000e+02 1.14954873799930e+23 2.52748165098801e+12 5.13429284154958e+12 
1.59889249132139e-12 3.77000000000000e+02 1.14954873796109e+23 4.42314028048213e+12 8.98510874252407e+12 
2.28414191973668e-12 3.77000000000000e+02 1.14954873792288e+23 6.31879890980293e+12 1.28359246430215e+13 
9.13663620388957e-12 3.77000000000000e+02 1.14954873754077e+23 2.52753851880634e+13 5.13440836068556e+13 
1.59891304880425e-11 3.77000000000000e+02 1.14954873715866e+23 4.42319714493134e+13 8.98522425238714e+13 
2.28416247721954e-11 3.77000000000000e+02 1.14954873677656e+23 6.31885576932308e+13 1.28360401393182e+14 
9.13665676137243e-11 3.77000000000000e+02 1.14954873295549e+23 2.52754418637654e+14 5.13441985972255e+14 
1.59891510455253e-10 3.77000000000000e+02 1.14954872913442e+23 4.42320277881027e+14 8.98523565869492e+14 
2.28416453296782e-10 3.77000000000000e+02 1.14954872531336e+23 6.31886135391143e+14 1.28360514099625e+15 
9.13665881712071e-10 3.77000000000000e+02 1.14954868710270e+23 2.52754456101714e+15 5.13442048086020e+15 
1.59891531012736e-09 3.77000000000000e+02 1.14954864889204e+23 4.42320281653800e+15 8.98523535254058e+15 
2.28416473854265e-09 3.77000000000000e+02 1.14954861068139e+23 6.31886089873294e+15 1.28360497471730e+16 
9.13665902269554e-09 3.77000000000000e+02 1.14954822857521e+23 2.52754267730989e+16 5.13441525531719e+16 
1.59891533068484e-08 3.77000000000000e+02 1.14954784646944e+23 4.42319756367832e+16 8.98522085408400e+16 
2.28416475910013e-08 3.77000000000000e+02 1.14954746436409e+23 6.31885071676135e+16 1.28360216823801e+17 
9.13665904325302e-08 3.77000000000000e+02 1.14954364334604e+23 2.52752327651445e+17 5.13436185656982e+17 
1.59891533274059e-07 3.77000000000000e+02 1.14953982236841e+23 4.42314446898912e+17 8.98507472687266e+17 
2.28416476115588e-07 3.77000000000000e+02 1.14953600143197e+23 6.31874832599974e+17 1.28357398933366e+18 
9.13665904530877e-07 3.77000000000000e+02 1.14949779561987e+23 2.52732914105562e+18 5.13382779225021e+18 
1.59891533294617e-06 3.77000000000000e+02 1.14945959385144e+23 4.42261315772640e+18 8.98361344507085e+18 
2.28416476136146e-06 3.77000000000000e+02 1.14942139620392e+23 6.31772355894173e+18 1.28329221463070e+19 
9.13665904551435e-06 3.77000000000000e+02 1.14903963976302e+23 2.52595333649711e+19 5.13005907142087e+19 
1.59891533296672e-05 3.77000000000000e+02 1.14865829385040e+23 4.41839690985146e+19 8.97209017708723e+19 
2.28416476138201e-05 3.77000000000000e+02 1.14827736221383e+23 6.30908060220032e+19 1.28093555238142e+20 
2.96941418979730e-05 3.77000000000000e+02 1.14789684678000e+23 8.19798930577758e+19 1.66418467932895e+20 
9.82190847395020e-05 3.77000000000000e+02 1.14411492376277e+23 2.69855391265629e+20 5.47052074963739e+20 
1.66744027581031e-04 3.77000000000000e+02 1.14037564918252e+23 4.55835319404760e+20 9.22947134734667e+20 
2.35268970422560e-04 3.77000000000000e+02 1.13667981482212e+23 6.39824717218153e+20 1.29413521118759e+21 
3.03793913264089e-04 3.77000000000000e+02 1.13302819500497e+23 8.21729229810032e+20 1.66065014943460e+21 
7.56912500264555e-04 3.77000000000000e+02 1.11003437168483e+23 1.96682279514308e+21 3.96922768279667e+21 
1.21003108726502e-03 3.77000000000000e+02 1.08913792342549e+23 2.99820668951902e+21 6.08574954591316e+21 
1.66314967426549e-03 3.77000000000000e+02 1.07039717025058e+23 3.90439337195442e+21 8.02152681602359e+21 
2.11626826126595e-03 3.77000000000000e+02 1.05378600800861e+23 4.68213370817939e+21 9.78827859196865e+21 
2.56938684826642e-03 3.77000000000000e+02 1.03921424154692e+23 5.33456091943751e+21 1.13977774617913e+22 
3.21265700568488e-03 3.77000000000000e+02 1.02175623224574e+23 6.06169647848500e+21 1.34351082039329e+22 
3.85592716310334e-03 3.77000000000000e+02 1.00768382072492e+23 6.58129968304497e+21 1.52103840989755e+22 
4.49919732052180e-03 3.77000000000000e+02 9.96504298703919e+22 6.92782041394692e+21 1.67532470413731e+22 
5.14246747794026e-03 3.77000000000000e+02 9.87730228815038e+22 7.13645884533440e+21 1.80907841563749e+22 
5.78573763535872e-03 3.77000000000000e+02 9.80917013481098e+22 7.23918258428397e+21 1.92479797452657e+22 
6.95458944609149e-03 3.77000000000000e+02 9.72350743467047e+22 7.24045146308323e+21 2.09586959904755e+22 
8.12344125682425e-03 3.77000000000000e+02 9.67137835846437e+22 7.11029937410047e+21 2.22615816925520e+22 
9.29229306755702e-03 3.77000000000000e+02 9.64014715509657e+22 6.92796580681545e+21 2.32508728944720e+22 
1.04611448782898e-02 3.77000000000000e+02 9.62144850467735e+22 6.74074883765949e+21 2.39992798411600e+22 
1.16299966890225e-02 3.77000000000000e+02 9.61029655931047e+22 6.57013405000232e+21 2.45635483238008e+22 
1.29448133662776e-02 3.77000000000000e+02 9.60321200884142e+22 6.40582711030292e+21 2.50338532125761e+22 
1.42596300435326e-02 3.77000000000000e+02 9.59954918482520e+22 6.27169725599929e+21 2.53753694015136e+22 
1.55744467207876e-02 3.77000000000000e+02 9.59763931398571e+22 6.16734436444416e+21 2.56222726014221e+22 
1.68892633980426e-02 3.77000000000000e+02 9.59651072679582e+22 6.08981723246354e+21 2.57998986091850e+22 
1.82040800752976e-02 3.77000000000000e+02 9.59576430341062e+22 6.03321054024990e+21 2.59280404613149e+22 
1.95188967525526e-02 3.77000000000000e+02 9.59533149242681e+22 5.99129192501485e+21 2.60205339114597e+22 
2.21247737049628e-02 3.77000000000000e+02 9.59497474484616e+22 5.94007255376006e+21 2.61301076055779e+22 
2.47306506573731e-02 3.77000000000000e+02 9.59486601871102e+22 5.91104955512083e+21 2.61903281255568e+22 
2.73365276097833e-02 3.77000000000000e+02 9.59475076606133e+22 5.89375400992703e+21 2.62272242689342e+22 
2.99424045621935e-02 3.77000000000000e+02 9.59464735422285e+22 5.88462149635002e+21 2.62475575328520e+22 
3.25482815146037e-02 3.77000000000000e+02 9.59464129352449e+22 5.88091951266540e+21 2.62550827141842e+22 
3.88599650478349e-02 3.77000000000000e+02 9.59469890282755e+22 5.88036953082885e+21 2.62550304917891e+22 
4.51716485810661e-02 3.77000000000000e+02 9.59478229907767e+22 5.88057576003753e+21 2.62529501083692e+22 
5.14833321142972e-02 3.77000000000000e+02 9.59478435075887e+22 5.87930163883492e+21 2.62554573171519e+22 
5.77950156475284e-02 3.77000000000000e+02 9.59475893080889e+22 5.87846165552716e+21 2.62576456827679e+22 
6.41066991807596e-02 3.77000000000000e+02 9.59475309936518e+22 5.87853142025488e+21 2.62576227821868e+22 
8.45065482990691e-02 3.77000000000000e+02 9.59475679512242e+22 5.87870166506606e+21 2.62572083774200e+22 
1.04906397417379e-01 3.77000000000000e+02 9.59476214863257e+22 5.87892820122784e+21 2.62566482348934e+22 
1.25306246535688e-01 3.77000000000000e+02 9.59476157494479e+22 5.87890889490752e+21 2.62566983212895e+22 
1.45706095653998e-01 3.77000000000000e+02 9.59476089020854e+22 5.87887004097707e+21 2.62567897238753e+22 
3.49704586837093e-01 3.77000000000000e+02 9.59476090606102e+22 5.87886665795444e+21 2.62567961728709e+22 
5.53703078020187e-01 3.77000000000000e+02 9.59476092324821e+22 5.87886802329223e+21 2.62567930984514e+22 
7.57701569203282e-01 3.77000000000000e+02 9.59476092371169e+22 5.87886807127080e+21 2.62567929932243e+22 
2.79768648103423e+00 3.77000000000000e+02 9.59476092363892e+22 5.87886806763834e+21 2.62567930019435e+22 
4.83767139286518e+00 3.77000000000000e+02 9.59476092363738e+22 5.87886806745070e+21 2.62567930023488e+22 
6.87765630469613e+00 3.77000000000000e+02 9.59476092363754e+22 5.87886806745116e+21 2.62567930023457e+22 
2.72775054230056e+01 3.77000000000000e+02 9.59476092363806e+22 5.87886806745124e+21 2.62567930023464e+22 
4.76773545413151e+01 3.77000000000000e+02 9.59476092363709e+22 5.87886806745118e+21 2.62567930023446e+22 
6.80772036596246e+01 3.77000000000000e+02 9.59476092363757e+22 5.87886806745121e+21 2.62567930023455e+22 
1.68077203659625e+02 3.77000000000000e+02 9.59476092363922e+22 5.87886806745132e+21 2.62567930023486e+22 
2.68077203659625e+02 3.77000000000000e+02 9.59476092363819e+22 5.87886806745125e+21 2.62567930023467e+22 
3.68077203659625e+02 3.77000000000000e+02 9.59476092364293e+22 5.87886806745157e+21 2.62567930023554e+22 
4.68077203659625e+02 3.77000000000000e+02 9.59476092364624e+22 5.87886806745178e+21 2.62567930023616e+22 
5.68077203659625e+02 3.77000000000000e+02 9.59476092364727e+22 5.87886806745185e+21 2.62567930023635e+22 
6.68077203659625e+02 3.77000000000000e+02 9.59476092364512e+22 5.87886806745171e+21 2.62567930023595e+22 
7.68077203659625e+02 3.77000000000000e+02 9.59476092364530e+22 5.87886806745172e+21 2.62567930023598e+22 
8.68077203659625e+02 3.77000000000000e+02 9.59476092364197e+22 5.87886806745150e+21 2.62567930023537e+22 
9.68077203659625e+02 3.77000000000000e+02 9.59476092363785e+22 5.87886806745123e+21 2.62567930023460e+22 
1.00000000000000e+03 3.77000000000000e+02 9.59476092363690e+22 5.87886806745117e+21 2.62567930023443e+22 
