Time(s)              GasTemp(K)           [O2(X)](m^-3)        [O2(a)](m^-3)        [O(3P)](m^-3)       
0.00000000000000e+00 3.77000000000000e+02 2.41831457599563e+22 0.00000000000000e+00 0.00000000000000e+00 
2.14138386006436e-16 3.77000000000000e+02 2.41831457599561e+22 9.69978826033323e+07 1.70055375703886e+08 
4.28276772012873e-16 3.77000000000000e+02 2.41831457599559e+22 1.93995765206661e+08 3.40110751407762e+08 
6.42415158019309e-16 3.77000000000000e+02 2.41831457599557e+22 2.90993647809985e+08 5.10166127111626e+08 
2.78379901808367e-15 3.77000000000000e+02 2.41831457599539e+22 1.26097247384289e+09 2.21071988414932e+09 
4.92518287814804e-15 3.77000000000000e+02 2.41831457599521e+22 2.23095129987542e+09 3.91127364118594e+09 
7.06656673821240e-15 3.77000000000000e+02 2.41831457599503e+22 3.20093012590755e+09 5.61182739822145e+09 
2.84804053388560e-14 3.77000000000000e+02 2.41831457599321e+22 1.29007183861952e+10 2.26173649684817e+10 
4.98942439394997e-14 3.77000000000000e+02 2.41831457599139e+22 2.26005066464444e+10 3.96229025386340e+10 
7.13080825401433e-14 3.77000000000000e+02 2.41831457598957e+22 3.23002949066545e+10 5.66284401086762e+10 
2.85446468546580e-13 3.77000000000000e+02 2.41831457597136e+22 1.29298177505382e+11 2.26683815799609e+11 
4.99584854553016e-13 3.77000000000000e+02 2.41831457595316e+22 2.26296060100272e+11 3.96739191479743e+11 
7.13723240559452e-13 3.77000000000000e+02 2.41831457593496e+22 3.23293942691250e+11 5.66794567148873e+11 
2.85510710062382e-12 3.77000000000000e+02 2.41831457575293e+22 1.29327276826372e+12 2.26734832289122e+12 
4.99649096068818e-12 3.77000000000000e+02 2.41831457557091e+22 2.26325159345234e+12 3.96790207755365e+12 
7.13787482075254e-12 3.77000000000000e+02 2.41831457538888e+22 3.23323041824982e+12 5.66845583111571e+12 
2.85517134213962e-11 3.77000000000000e+02 2.41831457356863e+22 1.29330186324940e+13 2.26739932718412e+13 
4.99655520220398e-11 3.77000000000000e+02 2.41831457174837e+22 2.26328068083521e+13 3.96795306045745e+13 
7.13793906226835e-11 3.77000000000000e+02 2.41831456992811e+22 3.23325949450974e+13 5.66850678272711e+13 
2.85517776629120e-10 3.77000000000000e+02 2.41831455172556e+22 1.29330472939481e+14 2.26740430564725e+14 
4.99656162635556e-10 3.77000000000000e+02 2.41831453352300e+22 2.26328347095261e+14 3.96795782502969e+14 
7.13794548641993e-10 3.77000000000000e+02 2.41831451532045e+22 3.23326217339758e+14 5.66851123437537e+14 
2.85517840870636e-09 3.77000000000000e+02 2.41831433329499e+22 1.29330458247792e+15 2.26740358383270e+15 
4.99656226877072e-09 3.77000000000000e+02 2.41831415126962e+22 2.26328256375576e+15 3.96795496430772e+15 
7.13794612883508e-09 3.77000000000000e+02 2.41831396924435e+22 3.23326015390561e+15 5.66850524441714e+15 
2.85517847294787e-08 3.77000000000000e+02 2.41831214899974e+22 1.29330023248322e+16 2.26739131511710e+16 
4.99656233301224e-08 3.77000000000000e+02 2.41831032876436e+22 2.26327061098288e+16 3.96792130667678e+16 
7.13794619307660e-08 3.77000000000000e+02 2.41830850853840e+22 3.23323707822995e+16 5.66844029478064e+16 
2.85517847937202e-07 3.77000000000000e+02 2.41829030709052e+22 1.29325644558636e+17 2.26726813035350e+17 
4.99656233943639e-07 3.77000000000000e+02 2.41827210656640e+22 2.26315079844556e+17 3.96758424863246e+17 
7.13794619950075e-07 3.77000000000000e+02 2.41825390698345e+22 3.23300604150212e+17 5.66779035238416e+17 
2.85517848001444e-06 3.77000000000000e+02 2.41807199228062e+22 1.29281866121782e+18 2.26603697769767e+18 
4.99656234007880e-06 3.77000000000000e+02 2.41789016990097e+22 2.26195297184049e+18 3.96421594942347e+18 
7.13794620014317e-06 3.77000000000000e+02 2.41770844151107e+22 3.23069645696804e+18 5.66129677723900e+18 
2.56470588564032e-05 3.77000000000000e+02 2.41614143402147e+22 1.15883711042974e+19 2.02860972745961e+19 
4.41561715126633e-05 3.77000000000000e+02 2.41458135847726e+22 1.99171477072295e+19 3.48300549528988e+19 
6.26652841689233e-05 3.77000000000000e+02 2.41302824082699e+22 2.82168562286616e+19 4.92929909154681e+19 
8.11743968251834e-05 3.77000000000000e+02 2.41148206917944e+22 3.64874815777808e+19 6.36751731682271e+19 
2.54766277262660e-04 3.77000000000000e+02 2.39731002336484e+22 1.12659157916555e+20 1.94772736782614e+20 
4.28358157700137e-04 3.77000000000000e+02 2.38371998856724e+22 1.86336433050876e+20 3.19218882465961e+20 
6.01950038137614e-04 3.77000000000000e+02 2.37068915288558e+22 2.57574199094431e+20 4.37360064012042e+20 
7.75541918575090e-04 3.77000000000000e+02 2.35819446321371e+22 3.26431144583449e+20 5.49539966471381e+20 
1.44844023092849e-03 3.77000000000000e+02 2.31444371317565e+22 5.71949829701599e+20 9.33517596996243e+20 
2.12133854328189e-03 3.77000000000000e+02 2.27725412152784e+22 7.86113910250973e+20 1.24898126885382e+21 
2.79423685563529e-03 3.77000000000000e+02 2.24560499695519e+22 9.72395113196998e+20 1.50940135441464e+21 
3.46713516798869e-03 3.77000000000000e+02 2.21864688013849e+22 1.13407965884828e+21 1.72519459944611e+21 
4.14003348034209e-03 3.77000000000000e+02 2.19567021812491e+22 1.27418519633538e+21 1.90451676474359e+21 
5.09773928775231e-03 3.77000000000000e+02 2.16869345573756e+22 1.44160466134153e+21 2.10921308247816e+21 
6.05544509516254e-03 3.77000000000000e+02 2.14714676386278e+22 1.57763161562777e+21 2.26809301140129e+21 
7.01315090257276e-03 3.77000000000000e+02 2.12990272086101e+22 1.68803219647967e+21 2.39217270973302e+21 
7.97085670998298e-03 3.77000000000000e+02 2.11608789609492e+22 1.77754567828938e+21 2.48944224143538e+21 
8.92856251739321e-03 3.77000000000000e+02 2.10501234722422e+22 1.85006427243079e+21 2.56591603056647e+21 
1.04472955190110e-02 3.77000000000000e+02 2.09179104276514e+22 1.93761455748932e+21 2.65524154963102e+21 
1.19660285206288e-02 3.77000000000000e+02 2.08241639912635e+22 2.00028693722059e+21 2.71738966294439e+21 
1.34847615222466e-02 3.77000000000000e+02 2.07573600375362e+22 2.04524946101312e+21 2.76107252281393e+21 
1.50034945238645e-02 3.77000000000000e+02 2.07098381937434e+22 2.07745838452851e+21 2.79169836336870e+21 
1.65222275254823e-02 3.77000000000000e+02 2.06761576361112e+22 2.10046214522794e+21 2.81305195723414e+21 
1.90155492964512e-02 3.77000000000000e+02 2.06410628242597e+22 2.12462122116717e+21 2.83492342905878e+21 
2.15088710674201e-02 3.77000000000000e+02 2.06204879127822e+22 2.13880017122952e+21 2.84771535188910e+21 
2.40021928383890e-02 3.77000000000000e+02 2.06080672292649e+22 2.14730159260547e+21 2.85555387617172e+21 
2.64955146093579e-02 3.77000000000000e+02 2.06008954691847e+22 2.15222330718598e+21 2.86005396717114e+21 
2.89888363803268e-02 3.77000000000000e+02 2.05971618991204e+22 2.15486464945558e+21 2.86223842276048e+21 
3.37355017634138e-02 3.77000000000000e+02 2.05946976767452e+22 2.15664824174909e+21 2.86359968292393e+21 
3.84821671465009e-02 3.77000000000000e+02 2.05938793688720e+22 2.15723210612197e+21 2.86406856992417e+21 
4.32288325295879e-02 3.77000000000000e+02 2.05931915830528e+22 2.15768811604864e+21 2.86453212170868e+21 
4.79754979126750e-02 3.77000000000000e+02 2.05927665583743e+22 2.15797056246078e+21 2.86481727824102e+21 
5.27221632957620e-02 3.77000000000000e+02 2.05926753429430e+22 2.15803657031990e+21 2.86486769338517e+21 
7.72192017485560e-02 3.77000000000000e+02 2.05925683261698e+22 2.15811096385650e+21 2.86493293985770e+21 
1.01716240201350e-01 3.77000000000000e+02 2.05927923419532e+22 2.15796089751051e+21 2.86478504098435e+21 
1.26213278654144e-01 3.77000000000000e+02 2.05927925130668e+22 2.15795966740948e+21 2.86478715896010e+21 
1.50710317106938e-01 3.77000000000000e+02 2.05927593395097e+22 2.15798191323842e+21 2.86480901441685e+21 
3.95680701634877e-01 3.77000000000000e+02 2.05927548622511e+22 2.15798506736926e+21 2.86481166067273e+21 
6.40651086162817e-01 3.77000000000000e+02 2.05927558386847e+22 2.15798440600684e+21 2.86481103053042e+21 
8.85621470690756e-01 3.77000000000000e+02 2.05927558766847e+22 2.15798437992786e+21 2.86481100668836e+21 
3.33532531597015e+00 3.77000000000000e+02 2.05927558745048e+22 2.15798438139018e+21 2.86481100812395e+21 
5.78502916124955e+00 3.77000000000000e+02 2.05927558743708e+22 2.15798438148236e+21 2.86481100820732e+21 
8.23473300652894e+00 3.77000000000000e+02 2.05927558743709e+22 2.15798438148236e+21 2.86481100820717e+21 
3.27317714593229e+01 3.77000000000000e+02 2.05927558743701e+22 2.15798438148227e+21 2.86481100820703e+21 
5.72288099121168e+01 3.77000000000000e+02 2.05927558743698e+22 2.15798438148225e+21 2.86481100820700e+21 
8.17258483649108e+01 3.77000000000000e+02 2.05927558743705e+22 2.15798438148231e+21 2.86481100820709e+21 
1.81725848364911e+02 3.77000000000000e+02 2.05927558743725e+22 2.15798438148248e+21 2.86481100820735e+21 
2.81725848364911e+02 3.77000000000000e+02 2.05927558743776e+22 2.15798438148292e+21 2.86481100820800e+21 
3.81725848364911e+02 3.77000000000000e+02 2.05927558743787e+22 2.15798438148301e+21 2.86481100820814e+21 
4.81725848364911e+02 3.77000000000000e+02 2.05927558743781e+22 2.15798438148296e+21 2.86481100820807e+21 
5.81725848364911e+02 3.77000000000000e+02 2.05927558743753e+22 2.15798438148272e+21 2.86481100820770e+21 
6.81725848364911e+02 3.77000000000000e+02 2.05927558743747e+22 2.15798438148267e+21 2.86481100820762e+21 
7.81725848364911e+02 3.77000000000000e+02 2.05927558743786e+22 2.15798438148300e+21 2.86481100820813e+21 
8.81725848364911e+02 3.77000000000000e+02 2.05927558743778e+22 2.15798438148293e+21 2.86481100820803e+21 
9.81725848364911e+02 3.77000000000000e+02 2.05927558743801e+22 2.15798438148313e+21 2.86481100820833e+21 
1.00000000000000e+03 3.77000000000000e+02 2.05927558743805e+22 2.15798438148317e+21 2.86481100820837e+21 
