Time(s)              GasTemp(K)           [O2(X)](m^-3)        [O2(a)](m^-3)        [O(3P)](m^-3)       
0.00000000000000e+00 3.77000000000000e+02 2.19559734294886e+23 0.00000000000000e+00 0.00000000000000e+00 
3.27155587318970e-17 3.77000000000000e+02 2.19559734294886e+23 1.67842884363139e+08 6.00430601427267e+08 
6.54311174637940e-17 3.77000000000000e+02 2.19559734294885e+23 3.35685768726276e+08 1.20086120285453e+09 
9.81466761956911e-17 3.77000000000000e+02 2.19559734294885e+23 5.03528653089413e+08 1.80129180428180e+09 
4.25302263514661e-16 3.77000000000000e+02 2.19559734294880e+23 2.18195749672069e+09 7.80559781855424e+09 
7.52457850833632e-16 3.77000000000000e+02 2.19559734294875e+23 3.86038634035186e+09 1.38099038328265e+10 
1.07961343815260e-15 3.77000000000000e+02 2.19559734294871e+23 5.53881518398292e+09 1.98142098470985e+10 
4.35116931134230e-15 3.77000000000000e+02 2.19559734294824e+23 2.23231036202845e+10 7.98572699897999e+10 
7.62272518453201e-15 3.77000000000000e+02 2.19559734294777e+23 3.91073920565758e+10 1.39900330132480e+11 
1.08942810577217e-14 3.77000000000000e+02 2.19559734294730e+23 5.58916804928565e+10 1.99943390275138e+11 
4.36098397896187e-14 3.77000000000000e+02 2.19559734294262e+23 2.23734564854756e+11 8.00373991699848e+11 
7.63253985215158e-14 3.77000000000000e+02 2.19559734293794e+23 3.91577449215621e+11 1.40080459312243e+12 
1.09040957253413e-13 3.77000000000000e+02 2.19559734293326e+23 5.59420333575434e+11 2.00123519454283e+12 
4.36196544572383e-13 3.77000000000000e+02 2.19559734288646e+23 2.23784917708275e+12 8.00554120855949e+12 
7.63352131891353e-13 3.77000000000000e+02 2.19559734283965e+23 3.91627802048673e+12 1.40098472223629e+13 
1.09050771921032e-12 3.77000000000000e+02 2.19559734279284e+23 5.59470686378541e+12 2.00141532359491e+13 
4.36206359240003e-12 3.77000000000000e+02 2.19559734232479e+23 2.23789952876913e+13 8.00572133530726e+13 
7.63361946558973e-12 3.77000000000000e+02 2.19559734185673e+23 3.91632837012631e+13 1.40100273448872e+14 
1.09051753387794e-11 3.77000000000000e+02 2.19559734138867e+23 5.59475721043050e+13 2.00143333522944e+14 
4.36207340706764e-11 3.77000000000000e+02 2.19559733670809e+23 2.23790455226638e+14 8.00573932389872e+14 
7.63362928025735e-11 3.77000000000000e+02 2.19559733202751e+23 3.91633337315554e+14 1.40100452912440e+15 
1.09051851534470e-10 3.77000000000000e+02 2.19559732734692e+23 5.59476218351486e+14 2.00143512368615e+15 
4.36207438853441e-10 3.77000000000000e+02 2.19559728054111e+23 2.23790493790192e+15 8.00574088192465e+15 
7.63363026172411e-10 3.77000000000000e+02 2.19559723373529e+23 3.91633355411012e+15 1.40100464269230e+16 
1.09051861349138e-09 3.77000000000000e+02 2.19559718692948e+23 5.59476206501912e+15 2.00143517546436e+16 
4.36207448668108e-09 3.77000000000000e+02 2.19559671887155e+23 2.23790380929877e+16 8.00573862939273e+16 
7.63363035987078e-09 3.77000000000000e+02 2.19559625081383e+23 3.91633037861850e+16 1.40100399509136e+17 
1.09051862330605e-08 3.77000000000000e+02 2.19559578275632e+23 5.59475589485879e+16 2.00143390996492e+17 
4.36207449649575e-08 3.77000000000000e+02 2.19559110219968e+23 2.23789202228667e+17 8.00571432055369e+17 
7.63363036968545e-08 3.77000000000000e+02 2.19558642166404e+23 3.91629811483130e+17 1.40099734065167e+18 
1.09051862428752e-07 3.77000000000000e+02 2.19558174114981e+23 5.59469366784953e+17 2.00142107637434e+18 
4.36207449747722e-07 3.77000000000000e+02 2.19553493785518e+23 2.23777385363441e+18 8.00547102974024e+18 
7.63363037066692e-07 3.77000000000000e+02 2.19548813666656e+23 3.91597438952839e+18 1.40093076818340e+19 
1.09051862438566e-06 3.77000000000000e+02 2.19544133762750e+23 5.59406865729254e+18 2.00129269581461e+19 
4.36207449757536e-06 3.77000000000000e+02 2.19497353443084e+23 2.23656733467011e+19 8.00303569115022e+19 
7.63363037076506e-06 3.77000000000000e+02 2.19450594758341e+23 3.91263356059924e+19 1.40026401877989e+20 
1.09051862439548e-05 3.77000000000000e+02 2.19403858482980e+23 5.58755014648995e+19 2.00000620882234e+20 
3.06726748882512e-05 3.77000000000000e+02 2.19121950879769e+23 1.56816224005916e+20 5.61934382222498e+20 
5.04401635325475e-05 3.77000000000000e+02 2.18840947205560e+23 2.57251229426086e+20 9.23071719800938e+20 
7.02076521768439e-05 3.77000000000000e+02 2.18560935007951e+23 3.57101495581012e+20 1.28339558270853e+21 
8.99751408211403e-05 3.77000000000000e+02 2.18281998016032e+23 4.56289109077452e+20 1.64289433955442e+21 
1.94977679325403e-04 3.77000000000000e+02 2.16821339891471e+23 9.69213911282695e+20 3.53836098426565e+21 
2.99980217829666e-04 3.77000000000000e+02 2.15403927053132e+23 1.45131248664171e+21 5.40898951022452e+21 
4.04982756333930e-04 3.77000000000000e+02 2.14038976835452e+23 1.89400244774418e+21 7.25351002337990e+21 
5.09985294838193e-04 3.77000000000000e+02 2.12733665812159e+23 2.29071881653017e+21 9.07069933239507e+21 
6.14987833342456e-04 3.77000000000000e+02 2.11493057415963e+23 2.63699428625716e+21 1.08593651853331e+22 
8.47953255671050e-04 3.77000000000000e+02 2.08984270211875e+23 3.21525378727651e+21 1.47204205914690e+22 
1.08091867799965e-03 3.77000000000000e+02 2.06807570132286e+23 3.53987569312590e+21 1.84245769389479e+22 
1.31388410032824e-03 3.77000000000000e+02 2.04929707180645e+23 3.64842237496654e+21 2.19632094785493e+22 
1.54684952265683e-03 3.77000000000000e+02 2.03298979281757e+23 3.59540328976328e+21 2.53307034467313e+22 
1.77981494498543e-03 3.77000000000000e+02 2.01860316480491e+23 3.43716355752512e+21 2.85245085137405e+22 
2.01278036731402e-03 3.77000000000000e+02 2.00565157069151e+23 3.22218876249902e+21 3.15447769264720e+22 
2.27250447792666e-03 3.77000000000000e+02 1.99244867628407e+23 2.95969151300137e+21 3.47103503069561e+22 
2.53222858853930e-03 3.77000000000000e+02 1.98020653785700e+23 2.70466259997193e+21 3.76688358184284e+22 
2.79195269915194e-03 3.77000000000000e+02 1.96869976928132e+23 2.47596728518701e+21 4.04275801631343e+22 
3.05167680976457e-03 3.77000000000000e+02 1.95781346721594e+23 2.28079884812467e+21 4.29951774503350e+22 
3.31140092037721e-03 3.77000000000000e+02 1.94750566993347e+23 2.11867288662634e+21 4.53809888298255e+22 
3.69134270713323e-03 3.77000000000000e+02 1.93345137679020e+23 1.93067804219209e+21 4.85678371473486e+22 
3.99308662739121e-03 3.77000000000000e+02 1.92315927296715e+23 1.81605733255761e+21 5.08554993312270e+22 
4.29483054764918e-03 3.77000000000000e+02 1.91363094804136e+23 1.72414884123514e+21 5.29449812990310e+22 
4.59657446790715e-03 3.77000000000000e+02 1.90484853854755e+23 1.64946093005403e+21 5.48508390201547e+22 
4.89831838816513e-03 3.77000000000000e+02 1.89678322590725e+23 1.58789949311211e+21 5.65870244220978e+22 
5.29869515470392e-03 3.77000000000000e+02 1.88712991059838e+23 1.52171573271396e+21 5.86500550046679e+22 
5.69907192124271e-03 3.77000000000000e+02 1.87858189946599e+23 1.46851140267950e+21 6.04660658912143e+22 
6.09944868778150e-03 3.77000000000000e+02 1.87103262483740e+23 1.42501416019828e+21 6.20629153018954e+22 
6.49982545432029e-03 3.77000000000000e+02 1.86437817008813e+23 1.38912429831722e+21 6.34655859755121e+22 
6.90020222085908e-03 3.77000000000000e+02 1.85852264349546e+23 1.35930724759853e+21 6.46963253954827e+22 
7.64475877731650e-03 3.77000000000000e+02 1.84947230145140e+23 1.31614182112009e+21 6.65927246572522e+22 
8.38931533377392e-03 3.77000000000000e+02 1.84239269862664e+23 1.28431160304328e+21 6.80723056583590e+22 
9.13387189023134e-03 3.77000000000000e+02 1.83686590743948e+23 1.26057018362515e+21 6.92251467346267e+22 
9.87842844668876e-03 3.77000000000000e+02 1.83255811366898e+23 1.24287706118000e+21 7.01220917336167e+22 
1.06229850031462e-02 3.77000000000000e+02 1.82920694040969e+23 1.22960066273966e+21 7.08188791823562e+22 
1.20830591623519e-02 3.77000000000000e+02 1.82470370387820e+23 1.21231128328912e+21 7.17541052475565e+22 
1.35431333215575e-02 3.77000000000000e+02 1.82197263210610e+23 1.20201424748995e+21 7.23209136735319e+22 
1.50032074807632e-02 3.77000000000000e+02 1.82029168616547e+23 1.19572536866583e+21 7.26696806192304e+22 
1.64632816399689e-02 3.77000000000000e+02 1.81925453819105e+23 1.19186316023657e+21 7.28848346308992e+22 
1.79233557991746e-02 3.77000000000000e+02 1.81862198099545e+23 1.18950881721635e+21 7.30160547560131e+22 
2.04345908741902e-02 3.77000000000000e+02 1.81809723132653e+23 1.18754829694827e+21 7.31249257303001e+22 
2.29458259492059e-02 3.77000000000000e+02 1.81787049758269e+23 1.18671151463702e+21 7.31719460436941e+22 
2.54570610242215e-02 3.77000000000000e+02 1.81775186693740e+23 1.18628201852347e+21 7.31965311649863e+22 
2.79682960992372e-02 3.77000000000000e+02 1.81769119257371e+23 1.18609098690565e+21 7.32090481009420e+22 
3.04795311742528e-02 3.77000000000000e+02 1.81766789802183e+23 1.18599085784470e+21 7.32139072694184e+22 
3.75109394756154e-02 3.77000000000000e+02 1.81764848145448e+23 1.18590854889554e+21 7.32179552007627e+22 
4.45423477769780e-02 3.77000000000000e+02 1.81765644778666e+23 1.18591254057706e+21 7.32163539510111e+22 
5.15737560783406e-02 3.77000000000000e+02 1.81765993295116e+23 1.18594116524262e+21 7.32155996688229e+22 
5.86051643797032e-02 3.77000000000000e+02 1.81765964751839e+23 1.18594690534026e+21 7.32156452751994e+22 
1.27981866750899e-01 3.77000000000000e+02 1.81765879016268e+23 1.18594486210083e+21 7.32158208328446e+22 
1.97358569122095e-01 3.77000000000000e+02 1.81765876961861e+23 1.18594487883091e+21 7.32158249081968e+22 
2.66735271493291e-01 3.77000000000000e+02 1.81765876644560e+23 1.18594469492570e+21 7.32158259106082e+22 
9.60502295205252e-01 3.77000000000000e+02 1.81765876611716e+23 1.18594469437331e+21 7.32158259774020e+22 
1.65426931891721e+00 3.77000000000000e+02 1.81765876614552e+23 1.18594469640997e+21 7.32158259676586e+22 
2.34803634262917e+00 3.77000000000000e+02 1.81765876614246e+23 1.18594469621219e+21 7.32158259686649e+22 
9.28570657974877e+00 3.77000000000000e+02 1.81765876614234e+23 1.18594469627713e+21 7.32158259685449e+22 
1.62233768168684e+01 3.77000000000000e+02 1.81765876614226e+23 1.18594469627720e+21 7.32158259685429e+22 
2.31610470539880e+01 3.77000000000000e+02 1.81765876614235e+23 1.18594469627901e+21 7.32158259685429e+22 
9.25377494251840e+01 3.77000000000000e+02 1.81765876614183e+23 1.18594469627907e+21 7.32158259685360e+22 
1.61914451796380e+02 3.77000000000000e+02 1.81765876614236e+23 1.18594469627893e+21 7.32158259685441e+22 
2.31291154167576e+02 3.77000000000000e+02 1.81765876614284e+23 1.18594469627891e+21 7.32158259685483e+22 
2.40291154167576e+02 3.77000000000000e+02 1.81765876614291e+23 1.18594469627889e+21 7.32158259685492e+22 
2.49291154167576e+02 3.77000000000000e+02 1.81765876614291e+23 1.18594469627889e+21 7.32158259685493e+22 
2.58291154167576e+02 3.77000000000000e+02 1.81765876614276e+23 1.18594469627891e+21 7.32158259685475e+22 
3.48291154167576e+02 3.77000000000000e+02 1.81765876614193e+23 1.18594469627902e+21 7.32158259685378e+22 
4.38291154167576e+02 3.77000000000000e+02 1.81765876614335e+23 1.18594469627884e+21 7.32158259685543e+22 
5.28291154167576e+02 3.77000000000000e+02 1.81765876614446e+23 1.18594469627870e+21 7.32158259685671e+22 
6.28291154167576e+02 3.77000000000000e+02 1.81765876614422e+23 1.18594469627873e+21 7.32158259685644e+22 
7.28291154167576e+02 3.77000000000000e+02 1.81765876614388e+23 1.18594469627877e+21 7.32158259685604e+22 
8.28291154167576e+02 3.77000000000000e+02 1.81765876614405e+23 1.18594469627875e+21 7.32158259685624e+22 
9.28291154167576e+02 3.77000000000000e+02 1.81765876614329e+23 1.18594469627885e+21 7.32158259685536e+22 
1.00000000000000e+03 3.77000000000000e+02 1.81765876614309e+23 1.18594469627887e+21 7.32158259685513e+22 
