Time(s)              GasTemp(K)           [O2(X)](m^-3)        [O2(a)](m^-3)        [O(3P)](m^-3)       
0.00000000000000e+00 3.77000000000000e+02 2.30158906486767e+22 0.00000000000000e+00 0.00000000000000e+00 
1.08582095811919e-16 3.77000000000000e+02 2.30158906486766e+22 4.16347834621073e+07 2.04645818615301e+08 
2.17164191623839e-16 3.77000000000000e+02 2.30158906486764e+22 8.32695669242137e+07 4.09291637230594e+08 
3.25746287435758e-16 3.77000000000000e+02 2.30158906486763e+22 1.24904350386319e+08 6.13937455845879e+08 
1.41156724555495e-15 3.77000000000000e+02 2.30158906486749e+22 5.41252185007303e+08 2.66039564199802e+09 
2.49738820367415e-15 3.77000000000000e+02 2.30158906486734e+22 9.57600019628204e+08 4.70685382814935e+09 
3.58320916179334e-15 3.77000000000000e+02 2.30158906486720e+22 1.37394785424902e+09 6.75331201429987e+09 
1.44414187429853e-14 3.77000000000000e+02 2.30158906486576e+22 5.53742620044991e+09 2.72178938757340e+10 
2.52996283241772e-14 3.77000000000000e+02 2.30158906486432e+22 9.70090454664253e+09 4.76824757370874e+10 
3.61578379053692e-14 3.77000000000000e+02 2.30158906486288e+22 1.38643828928267e+10 6.81470575983586e+10 
1.44739933717289e-13 3.77000000000000e+02 2.30158906484848e+22 5.54991663539412e+10 2.72792876203975e+11 
2.53322029529208e-13 3.77000000000000e+02 2.30158906483409e+22 9.71339498142280e+10 4.77438694801517e+11 
3.61904125341127e-13 3.77000000000000e+02 2.30158906481969e+22 1.38768733273671e+11 6.82084513390832e+11 
1.44772508346032e-12 3.77000000000000e+02 2.30158906467573e+22 5.55116567795375e+11 2.72854269857448e+12 
2.53354604157952e-12 3.77000000000000e+02 2.30158906453178e+22 9.71464402234309e+11 4.77500088295071e+12 
3.61936699969871e-12 3.77000000000000e+02 2.30158906438782e+22 1.38781223658891e+12 6.82145906650423e+12 
1.44775765808907e-11 3.77000000000000e+02 2.30158906294824e+22 5.55129057286175e+12 2.72860408310893e+13 
2.53357861620826e-11 3.77000000000000e+02 2.30158906150866e+22 9.71476890085766e+12 4.77506225149320e+13 
3.61939957432745e-11 3.77000000000000e+02 2.30158906006909e+22 1.38782472204199e+13 6.82152041165036e+13 
1.44776091555194e-10 3.77000000000000e+02 2.30158904567332e+22 5.55130296887295e+13 2.72861013037208e+14 
2.53358187367113e-10 3.77000000000000e+02 2.30158903127755e+22 9.71478113293458e+13 4.77506813883681e+14 
3.61940283179033e-10 3.77000000000000e+02 2.30158901688178e+22 1.38782592126598e+14 6.82152606503048e+14 
1.44776124129823e-09 3.77000000000000e+02 2.30158887292415e+22 5.55130327367822e+14 2.72860982319582e+15 
2.53358219941742e-09 3.77000000000000e+02 2.30158872896656e+22 9.71477979839720e+14 4.77506623246577e+15 
3.61940315753662e-09 3.77000000000000e+02 2.30158858500903e+22 1.38782554797518e+15 6.82152181902602e+15 
1.44776127387286e-08 3.77000000000000e+02 2.30158714543794e+22 5.55129395620984e+15 2.72860067348425e+16 
2.53358223199205e-08 3.77000000000000e+02 2.30158570587172e+22 9.71475408751768e+15 4.77504109087536e+16 
3.61940319011124e-08 3.77000000000000e+02 2.30158426631045e+22 1.38782057852009e+16 6.82147328125530e+16 
1.44776127713032e-07 3.77000000000000e+02 2.30156987112527e+22 5.55119954593314e+16 2.72850857175711e+17 
2.53358223524951e-07 3.77000000000000e+02 2.30155547642654e+22 9.71449574467357e+16 4.77478907725489e+17 
3.61940319336871e-07 3.77000000000000e+02 2.30154108222346e+22 1.38777076090250e+17 6.82098732121782e+17 
1.44776127745606e-06 3.77000000000000e+02 2.30139718292290e+22 5.55025541556662e+17 2.72758781231606e+18 
2.53358223557526e-06 3.77000000000000e+02 2.30125333224883e+22 9.71191244313117e+17 4.77226988814799e+18 
3.61940319369445e-06 3.77000000000000e+02 2.30110953109425e+22 1.38727263129088e+18 6.81613020591329e+18 
1.44776127748864e-05 3.77000000000000e+02 2.29967415383075e+22 5.54359308348238e+18 2.72110345714970e+19 
2.53358223560783e-05 3.77000000000000e+02 2.29824367808172e+22 9.69154191506209e+18 4.75246518888623e+19 
3.61940319372703e-05 3.77000000000000e+02 2.29681812178616e+22 1.38310665151593e+19 6.77567285999260e+19 
4.70522415184622e-05 3.77000000000000e+02 2.29539747972476e+22 1.79621527599689e+19 8.79073973382496e+19 
1.55634337330382e-04 3.77000000000000e+02 2.28145542064929e+22 5.88110292705740e+19 2.85050825826462e+20 
2.64216433142301e-04 3.77000000000000e+02 2.26798569314689e+22 9.88237422711519e+19 4.74419949873374e+20 
3.72798528954221e-04 3.77000000000000e+02 2.25497292433200e+22 1.38007765788877e+20 6.56307279135654e+20 
4.81380624766140e-04 3.77000000000000e+02 2.24240147405319e+22 1.76371688682598e+20 8.31008438924535e+20 
9.71602987071337e-04 3.77000000000000e+02 2.19075416049546e+22 3.39647059322889e+20 1.53740396879834e+21 
1.46182534937653e-03 3.77000000000000e+02 2.14653312090540e+22 4.87410949462203e+20 2.12629698032105e+21 
1.95204771168173e-03 3.77000000000000e+02 2.10862149279119e+22 6.20782523523503e+20 2.61778639448251e+21 
2.44227007398693e-03 3.77000000000000e+02 2.07607774179582e+22 7.40948797072399e+20 3.02832886729221e+21 
2.93249243629212e-03 3.77000000000000e+02 2.04810790093699e+22 8.49092915368259e+20 3.37143744787696e+21 
3.68585455526129e-03 3.77000000000000e+02 2.01255649575442e+22 9.94417786665982e+20 3.79181580893280e+21 
4.43921667423045e-03 3.77000000000000e+02 1.98421796195468e+22 1.11778789497600e+21 4.11184626830740e+21 
5.19257879319962e-03 3.77000000000000e+02 1.96151775728050e+22 1.22254345702725e+21 4.35633923768840e+21 
5.94594091216878e-03 3.77000000000000e+02 1.94325836682902e+22 1.31155447545734e+21 4.54350500985757e+21 
6.69930303113794e-03 3.77000000000000e+02 1.92851221376801e+22 1.38726239291177e+21 4.68701223616870e+21 
7.82731011547676e-03 3.77000000000000e+02 1.91149785548610e+22 1.48006654453092e+21 4.84169109856826e+21 
8.95531719981557e-03 3.77000000000000e+02 1.89890222327756e+22 1.55327517162566e+21 4.94718648854905e+21 
1.00833242841544e-02 3.77000000000000e+02 1.88946024271396e+22 1.61124244454472e+21 5.02009155398237e+21 
1.12113313684932e-02 3.77000000000000e+02 1.88232978425844e+22 1.65724799271775e+21 5.07068962674621e+21 
1.23393384528320e-02 3.77000000000000e+02 1.87691345062041e+22 1.69382515359111e+21 5.10586197775984e+21 
1.41939287062719e-02 3.77000000000000e+02 1.87064364569831e+22 1.73837523045398e+21 5.14215792247530e+21 
1.60485189597117e-02 3.77000000000000e+02 1.86645861116494e+22 1.76930647871834e+21 5.16399611661267e+21 
1.79031092131516e-02 3.77000000000000e+02 1.86360239816727e+22 1.79094946858057e+21 5.17783439683992e+21 
1.97576994665914e-02 3.77000000000000e+02 1.86167771907051e+22 1.80604956928676e+21 5.18612777736157e+21 
2.16122897200313e-02 3.77000000000000e+02 1.86040436271939e+22 1.81652539441578e+21 5.19064325412522e+21 
2.49661543706319e-02 3.77000000000000e+02 1.85909592555819e+22 1.82790715494970e+21 5.19404847628092e+21 
2.83200190212324e-02 3.77000000000000e+02 1.85835578629051e+22 1.83422459450184e+21 5.19621638252898e+21 
3.16738836718330e-02 3.77000000000000e+02 1.85785518628928e+22 1.83795121615744e+21 5.19877513923941e+21 
3.50277483224336e-02 3.77000000000000e+02 1.85757657446980e+22 1.83988111759216e+21 5.20048757275663e+21 
3.83816129730342e-02 3.77000000000000e+02 1.85752092617858e+22 1.84055150861842e+21 5.20025975652720e+21 
4.65313550440969e-02 3.77000000000000e+02 1.85756253189512e+22 1.84047444509005e+21 5.19958176925108e+21 
5.46810971151597e-02 3.77000000000000e+02 1.85759374395554e+22 1.84043442674026e+21 5.19903756474065e+21 
6.28308391862225e-02 3.77000000000000e+02 1.85754167951431e+22 1.84080425570624e+21 5.19933919562597e+21 
7.09805812572852e-02 3.77000000000000e+02 1.85750672907091e+22 1.84100854710868e+21 5.19962962168166e+21 
7.91303233283480e-02 3.77000000000000e+02 1.85751289919609e+22 1.84095815437770e+21 5.19960700463750e+21 
1.08550840124453e-01 3.77000000000000e+02 1.85751973373670e+22 1.84091114231685e+21 5.19956433794062e+21 
1.37971356920558e-01 3.77000000000000e+02 1.85752778816650e+22 1.84085738995870e+21 5.19951075407036e+21 
1.67391873716663e-01 3.77000000000000e+02 1.85752610499280e+22 1.84086798947112e+21 5.19952321852544e+21 
1.96812390512768e-01 3.77000000000000e+02 1.85752477078837e+22 1.84087758585730e+21 5.19953070984326e+21 
4.91017558473819e-01 3.77000000000000e+02 1.85752478907846e+22 1.84087763315785e+21 5.19953024944255e+21 
7.85222726434869e-01 3.77000000000000e+02 1.85752482817767e+22 1.84087733277441e+21 5.19953006822573e+21 
1.07942789439592e+00 3.77000000000000e+02 1.85752482904968e+22 1.84087732544420e+21 5.19953006544594e+21 
4.02147957400642e+00 3.77000000000000e+02 1.85752482894910e+22 1.84087732624561e+21 5.19953006585512e+21 
6.96353125361693e+00 3.77000000000000e+02 1.85752482894602e+22 1.84087732627162e+21 5.19953006586504e+21 
9.90558293322743e+00 3.77000000000000e+02 1.85752482894603e+22 1.84087732627139e+21 5.19953006586490e+21 
3.93260997293325e+01 3.77000000000000e+02 1.85752482894600e+22 1.84087732627136e+21 5.19953006586481e+21 
6.87466165254375e+01 3.77000000000000e+02 1.85752482894600e+22 1.84087732627137e+21 5.19953006586482e+21 
9.81671333215426e+01 3.77000000000000e+02 1.85752482894612e+22 1.84087732627144e+21 5.19953006586512e+21 
1.28167133321543e+02 3.77000000000000e+02 1.85752482894622e+22 1.84087732627152e+21 5.19953006586540e+21 
1.58167133321543e+02 3.77000000000000e+02 1.85752482894605e+22 1.84087732627139e+21 5.19953006586493e+21 
1.88167133321543e+02 3.77000000000000e+02 1.85752482894575e+22 1.84087732627119e+21 5.19953006586416e+21 
2.18167133321543e+02 3.77000000000000e+02 1.85752482894555e+22 1.84087732627105e+21 5.19953006586362e+21 
2.27167133321543e+02 3.77000000000000e+02 1.85752482894551e+22 1.84087732627102e+21 5.19953006586351e+21 
2.36167133321543e+02 3.77000000000000e+02 1.85752482894551e+22 1.84087732627102e+21 5.19953006586352e+21 
2.45167133321543e+02 3.77000000000000e+02 1.85752482894553e+22 1.84087732627104e+21 5.19953006586358e+21 
2.53267133321543e+02 3.77000000000000e+02 1.85752482894555e+22 1.84087732627105e+21 5.19953006586362e+21 
2.55697133321543e+02 3.77000000000000e+02 1.85752482894553e+22 1.84087732627103e+21 5.19953006586356e+21 
2.58127133321543e+02 3.77000000000000e+02 1.85752482894554e+22 1.84087732627104e+21 5.19953006586360e+21 
2.60557133321543e+02 3.77000000000000e+02 1.85752482894555e+22 1.84087732627105e+21 5.19953006586364e+21 
2.84857133321543e+02 3.77000000000000e+02 1.85752482894544e+22 1.84087732627097e+21 5.19953006586334e+21 
3.09157133321543e+02 3.77000000000000e+02 1.85752482894516e+22 1.84087732627078e+21 5.19953006586261e+21 
3.33457133321543e+02 3.77000000000000e+02 1.85752482894529e+22 1.84087732627087e+21 5.19953006586293e+21 
4.33457133321543e+02 3.77000000000000e+02 1.85752482894525e+22 1.84087732627084e+21 5.19953006586283e+21 
5.33457133321543e+02 3.77000000000000e+02 1.85752482894624e+22 1.84087732627153e+21 5.19953006586545e+21 
6.33457133321543e+02 3.77000000000000e+02 1.85752482894569e+22 1.84087732627115e+21 5.19953006586400e+21 
7.33457133321543e+02 3.77000000000000e+02 1.85752482894499e+22 1.84087732627066e+21 5.19953006586214e+21 
8.33457133321543e+02 3.77000000000000e+02 1.85752482894479e+22 1.84087732627052e+21 5.19953006586162e+21 
9.33457133321543e+02 3.77000000000000e+02 1.85752482894537e+22 1.84087732627093e+21 5.19953006586316e+21 
9.53419993325080e+02 3.77000000000000e+02 1.85752482894525e+22 1.84087732627084e+21 5.19953006586284e+21 
9.73382853328617e+02 3.77000000000000e+02 1.85752482894536e+22 1.84087732627092e+21 5.19953006586313e+21 
9.93345713332154e+02 3.77000000000000e+02 1.85752482894538e+22 1.84087732627094e+21 5.19953006586319e+21 
1.00000000000000e+03 3.77000000000000e+02 1.85752482894540e+22 1.84087732627095e+21 5.19953006586323e+21 
