Time(s)              GasTemp(K)           [O2(X)](m^-3)        [O2(a)](m^-3)        [O(3P)](m^-3)       
0.00000000000000e+00 3.77000000000000e+02 2.42770567109049e+22 0.00000000000000e+00 0.00000000000000e+00 
1.62722249801369e-16 3.77000000000000e+02 2.42770567109048e+22 6.95693766832756e+07 1.89253273013690e+08 
3.25444499602738e-16 3.77000000000000e+02 2.42770567109046e+22 1.39138753366549e+08 3.78506546027365e+08 
4.88166749404108e-16 3.77000000000000e+02 2.42770567109045e+22 2.08708130049821e+08 5.67759819041024e+08 
2.11538924741780e-15 3.77000000000000e+02 2.42770567109028e+22 9.04401896882366e+08 2.46029254917630e+09 
3.74261174543149e-15 3.77000000000000e+02 2.42770567109012e+22 1.60009566371472e+09 4.35282527931009e+09 
5.36983424344518e-15 3.77000000000000e+02 2.42770567108995e+22 2.29578943054687e+09 6.24535800944234e+09 
2.16420592235821e-14 3.77000000000000e+02 2.42770567108831e+22 9.25272709885122e+09 2.51706853106333e+10 
3.79142842037190e-14 3.77000000000000e+02 2.42770567108667e+22 1.62096647671361e+10 4.40960126116745e+10 
5.41865091838559e-14 3.77000000000000e+02 2.42770567108503e+22 2.31666024354010e+10 6.30213399125632e+10 
2.16908758985225e-13 3.77000000000000e+02 2.42770567106861e+22 9.27359791163355e+10 2.52274612908291e+11 
3.79631008786594e-13 3.77000000000000e+02 2.42770567105219e+22 1.62305355795318e+11 4.41527885889043e+11 
5.42353258587964e-13 3.77000000000000e+02 2.42770567103577e+22 2.31874732472312e+11 6.30781158854536e+11 
2.16957575660166e-12 3.77000000000000e+02 2.42770567087157e+22 9.27568499070745e+11 2.52331388719358e+12 
3.79679825461535e-12 3.77000000000000e+02 2.42770567070738e+22 1.62326226547400e+12 4.41584661403510e+12 
5.42402075262904e-12 3.77000000000000e+02 2.42770567054318e+22 2.31895603167838e+12 6.30837933935076e+12 
2.16962457327660e-11 3.77000000000000e+02 2.42770566890122e+22 9.27589367657152e+12 2.52337064609176e+13 
3.79684707129029e-11 3.77000000000000e+02 2.42770566725926e+22 1.62328313019469e+13 4.41590334327332e+13 
5.42406956930398e-11 3.77000000000000e+02 2.42770566561730e+22 2.31897689074350e+13 6.30843602519624e+13 
2.16962945494409e-10 3.77000000000000e+02 2.42770564919770e+22 9.27591432472477e+13 2.52337615285276e+14 
3.79685195295778e-10 3.77000000000000e+02 2.42770563277810e+22 1.62328515635286e+14 4.41590855343473e+14 
5.42407445097147e-10 3.77000000000000e+02 2.42770561635850e+22 2.31897886034597e+14 6.30844080143022e+14 
2.16962994311084e-09 3.77000000000000e+02 2.42770545216260e+22 9.27591418520903e+14 2.52337501224191e+15 
3.79685244112453e-09 3.77000000000000e+02 2.42770528796680e+22 1.62328475582986e+15 4.41590444683042e+15 
5.42407493913822e-09 3.77000000000000e+02 2.42770512377109e+22 2.31897789426615e+15 6.30843235555744e+15 
2.16962999192751e-08 3.77000000000000e+02 2.42770348182229e+22 9.27589212800163e+15 2.52335798543424e+16 
3.79685248994121e-08 3.77000000000000e+02 2.42770183988293e+22 1.62327868440686e+16 4.41585776034828e+16 
5.42407498795490e-08 3.77000000000000e+02 2.42770019795319e+22 2.31896616730085e+16 6.30834227697810e+16 
2.16962999680918e-07 3.77000000000000e+02 2.42768377948516e+22 9.27566949520339e+16 2.52318716758749e+17 
3.79685249482287e-07 3.77000000000000e+02 2.42766736196098e+22 1.62321776530497e+17 4.41539037175415e+17 
5.42407499283657e-07 3.77000000000000e+02 2.42765094539841e+22 2.31884869536412e+17 6.30744102614077e+17 
2.16962999729735e-06 3.77000000000000e+02 2.42748683101791e+22 9.27409794111213e+17 2.52198186360166e+18 
3.79685249531104e-06 3.77000000000000e+02 2.42732281210992e+22 1.62273718267931e+18 4.41170524610818e+18 
5.42407499332473e-06 3.77000000000000e+02 2.42715888927386e+22 2.31786570809378e+18 6.29990491653848e+18 
7.05129749133843e-06 3.77000000000000e+02 2.42699506267191e+22 3.01279494285353e+18 8.18657848604511e+18 
2.33235224714753e-05 3.77000000000000e+02 2.42536206722904e+22 9.95113938885499e+18 2.69697984513465e+19 
3.95957474516123e-05 3.77000000000000e+02 2.42373861972449e+22 1.68696064606112e+19 4.56018143988390e+19 
5.58679724317492e-05 3.77000000000000e+02 2.42212465469288e+22 2.37682457142604e+19 6.40838365238627e+19 
7.21401974118861e-05 3.77000000000000e+02 2.42052010378276e+22 3.06471096544857e+19 8.24171268458218e+19 
2.02953548405040e-04 3.77000000000000e+02 2.40795505312627e+22 8.52345847557827e+19 2.24543189773032e+20 
3.33766899398194e-04 3.77000000000000e+02 2.39596023508604e+22 1.38574765024659e+20 3.57759190039867e+20 
4.64580250391348e-04 3.77000000000000e+02 2.38450345772141e+22 1.90694888024084e+20 4.82654491333510e+20 
5.95393601384501e-04 3.77000000000000e+02 2.37355456534396e+22 2.41621998065822e+20 5.99778118799081e+20 
7.26206952377655e-04 3.77000000000000e+02 2.36308532609344e+22 2.91382876018211e+20 7.09641147904623e+20 
1.17709327770867e-03 3.77000000000000e+02 2.33031844454698e+22 4.54325118095297e+20 1.03909429467976e+21 
1.62797960303968e-03 3.77000000000000e+02 2.30200328089596e+22 6.04769761573412e+20 1.30450828074385e+21 
2.07886592837069e-03 3.77000000000000e+02 2.27738078318400e+22 7.43703245667356e+20 1.51909126679518e+21 
2.52975225370170e-03 3.77000000000000e+02 2.25583692640680e+22 8.72042336266954e+20 1.69329022114015e+21 
2.98063857903272e-03 3.77000000000000e+02 2.23686898135074e+22 9.90632707134952e+20 1.83546838052535e+21 
3.43152490436373e-03 3.77000000000000e+02 2.22007510436198e+22 1.10025016166455e+21 1.95211101124115e+21 
4.34201212665523e-03 3.77000000000000e+02 2.19149622832909e+22 1.29709754522692e+21 2.12999376477434e+21 
5.25249934894674e-03 3.77000000000000e+02 2.16850319601114e+22 1.46533750314845e+21 2.25337449529050e+21 
6.16298657123824e-03 3.77000000000000e+02 2.14973791244616e+22 1.60927377387682e+21 2.34080762513369e+21 
7.07347379352975e-03 3.77000000000000e+02 2.13420947507836e+22 1.73252557290297e+21 2.40487277443785e+21 
7.98396101582126e-03 3.77000000000000e+02 2.12120655028783e+22 1.83813645840040e+21 2.45370949925374e+21 
8.89444823811276e-03 3.77000000000000e+02 2.11024138075436e+22 1.92866765626087e+21 2.49195049420216e+21 
1.03211779702438e-02 3.77000000000000e+02 2.09633193144885e+22 2.04531487684018e+21 2.53684503915396e+21 
1.17479077023748e-02 3.77000000000000e+02 2.08552638474755e+22 2.13703884646097e+21 2.56950803393854e+21 
1.31746374345058e-02 3.77000000000000e+02 2.07711567371955e+22 2.20914914430786e+21 2.59350165880483e+21 
1.46013671666368e-02 3.77000000000000e+02 2.07055814839433e+22 2.26583761215049e+21 2.61127522962412e+21 
1.60280968987678e-02 3.77000000000000e+02 2.06540724734855e+22 2.31042627887132e+21 2.62511591709824e+21 
1.74548266308988e-02 3.77000000000000e+02 2.06133156961004e+22 2.34551270174430e+21 2.63645662612263e+21 
2.00474957103560e-02 3.77000000000000e+02 2.05607239575116e+22 2.39083694993385e+21 2.65099160692127e+21 
2.26401647898131e-02 3.77000000000000e+02 2.05268344889327e+22 2.42011109891018e+21 2.66022224611938e+21 
2.52328338692703e-02 3.77000000000000e+02 2.05048069779905e+22 2.43921632945110e+21 2.66606680691081e+21 
2.78255029487275e-02 3.77000000000000e+02 2.04904243992090e+22 2.45170445322246e+21 2.66985571692071e+21 
3.04181720281846e-02 3.77000000000000e+02 2.04810624333076e+22 2.45981501075423e+21 2.67235853365302e+21 
3.49243339644088e-02 3.77000000000000e+02 2.04723357296006e+22 2.46736521698589e+21 2.67471152859871e+21 
3.94304959006329e-02 3.77000000000000e+02 2.04681908145590e+22 2.47094718445266e+21 2.67583742373730e+21 
4.39366578368571e-02 3.77000000000000e+02 2.04660092846734e+22 2.47283821009886e+21 2.67641843219888e+21 
4.84428197730812e-02 3.77000000000000e+02 2.04648584876137e+22 2.47383798983297e+21 2.67672046683569e+21 
5.29489817093053e-02 3.77000000000000e+02 2.04643234143032e+22 2.47430163179417e+21 2.67686332952725e+21 
6.49800411793279e-02 3.77000000000000e+02 2.04638084742751e+22 2.47474705041976e+21 2.67700237232341e+21 
7.70111006493505e-02 3.77000000000000e+02 2.04638933505985e+22 2.47467314956259e+21 2.67698042140397e+21 
8.90421601193731e-02 3.77000000000000e+02 2.04639644709943e+22 2.47461160858800e+21 2.67696126257399e+21 
1.01073219589396e-01 3.77000000000000e+02 2.04639667367234e+22 2.47460967632510e+21 2.67696059564704e+21 
2.07317093919466e-01 3.77000000000000e+02 2.04639478974329e+22 2.47462597892508e+21 2.67696566903542e+21 
3.13560968249537e-01 3.77000000000000e+02 2.04639463773091e+22 2.47462729320731e+21 2.67696608071809e+21 
4.19804842579608e-01 3.77000000000000e+02 2.04639464296916e+22 2.47462724866684e+21 2.67696606503372e+21 
1.48224358588031e+00 3.77000000000000e+02 2.04639464469541e+22 2.47462723383017e+21 2.67696606018182e+21 
2.54468232918102e+00 3.77000000000000e+02 2.04639464465275e+22 2.47462723419820e+21 2.67696606029899e+21 
3.60712107248173e+00 3.77000000000000e+02 2.04639464465331e+22 2.47462723419235e+21 2.67696606029957e+21 
1.42315085054888e+01 3.77000000000000e+02 2.04639464465325e+22 2.47462723419243e+21 2.67696606029950e+21 
2.48558959384959e+01 3.77000000000000e+02 2.04639464465324e+22 2.47462723419242e+21 2.67696606029949e+21 
3.54802833715029e+01 3.77000000000000e+02 2.04639464465330e+22 2.47462723419249e+21 2.67696606029956e+21 
6.54802833715029e+01 3.77000000000000e+02 2.04639464465323e+22 2.47462723419242e+21 2.67696606029948e+21 
9.54802833715029e+01 3.77000000000000e+02 2.04639464465339e+22 2.47462723419259e+21 2.67696606029967e+21 
1.25480283371503e+02 3.77000000000000e+02 2.04639464465321e+22 2.47462723419240e+21 2.67696606029945e+21 
1.34480283371503e+02 3.77000000000000e+02 2.04639464465315e+22 2.47462723419233e+21 2.67696606029938e+21 
1.43480283371503e+02 3.77000000000000e+02 2.04639464465316e+22 2.47462723419234e+21 2.67696606029939e+21 
1.52480283371503e+02 3.77000000000000e+02 2.04639464465316e+22 2.47462723419234e+21 2.67696606029939e+21 
1.60580283371503e+02 3.77000000000000e+02 2.04639464465319e+22 2.47462723419237e+21 2.67696606029942e+21 
1.68680283371503e+02 3.77000000000000e+02 2.04639464465316e+22 2.47462723419234e+21 2.67696606029939e+21 
1.76780283371503e+02 3.77000000000000e+02 2.04639464465320e+22 2.47462723419238e+21 2.67696606029944e+21 
2.01080283371503e+02 3.77000000000000e+02 2.04639464465322e+22 2.47462723419240e+21 2.67696606029946e+21 
2.25380283371503e+02 3.77000000000000e+02 2.04639464465315e+22 2.47462723419233e+21 2.67696606029938e+21 
2.49680283371503e+02 3.77000000000000e+02 2.04639464465295e+22 2.47462723419211e+21 2.67696606029913e+21 
3.49680283371503e+02 3.77000000000000e+02 2.04639464465276e+22 2.47462723419191e+21 2.67696606029889e+21 
4.49680283371503e+02 3.77000000000000e+02 2.04639464465322e+22 2.47462723419240e+21 2.67696606029946e+21 
5.49680283371503e+02 3.77000000000000e+02 2.04639464465311e+22 2.47462723419228e+21 2.67696606029932e+21 
6.49680283371503e+02 3.77000000000000e+02 2.04639464465288e+22 2.47462723419203e+21 2.67696606029903e+21 
7.49680283371503e+02 3.77000000000000e+02 2.04639464465293e+22 2.47462723419209e+21 2.67696606029910e+21 
8.49680283371503e+02 3.77000000000000e+02 2.04639464465343e+22 2.47462723419263e+21 2.67696606029972e+21 
9.49680283371503e+02 3.77000000000000e+02 2.04639464465320e+22 2.47462723419238e+21 2.67696606029944e+21 
1.00000000000000e+03 3.77000000000000e+02 2.04639464465277e+22 2.47462723419192e+21 2.67696606029890e+21 
