Time(s)              GasTemp(K)           [O2(X)](m^-3)        [O2(a)](m^-3)        [O(3P)](m^-3)       
0.00000000000000e+00 3.77000000000000e+02 2.44257624469249e+23 0.00000000000000e+00 0.00000000000000e+00 
4.38286880193116e-17 3.77000000000000e+02 2.44257624469249e+23 1.02538479556452e+08 6.94840764021520e+08 
8.76573760386232e-17 3.77000000000000e+02 2.44257624469248e+23 2.05076959112903e+08 1.38968152804303e+09 
1.31486064057935e-16 3.77000000000000e+02 2.44257624469248e+23 3.07615438669353e+08 2.08452229206452e+09 
5.69772944251050e-16 3.77000000000000e+02 2.44257624469243e+23 1.33300023423380e+09 9.03292993227840e+09 
1.00805982444417e-15 3.77000000000000e+02 2.44257624469239e+23 2.35838502979817e+09 1.59813375724910e+10 
1.44634670463728e-15 3.77000000000000e+02 2.44257624469234e+23 3.38376982536248e+09 2.29297452127024e+10 
5.82921550656844e-15 3.77000000000000e+02 2.44257624469189e+23 1.36376177809996e+10 9.24138216147084e+10 
1.02120843084996e-14 3.77000000000000e+02 2.44257624469144e+23 2.38914657366300e+10 1.61897898016592e+11 
1.45949531104308e-14 3.77000000000000e+02 2.44257624469099e+23 3.41453136922536e+10 2.31381974418350e+11 
5.84236411297423e-14 3.77000000000000e+02 2.44257624468649e+23 1.36683793247895e+11 9.26222738425135e+11 
1.02252329149054e-13 3.77000000000000e+02 2.44257624468199e+23 2.39222272802862e+11 1.62106350241964e+12 
1.46081017168365e-13 3.77000000000000e+02 2.44257624467749e+23 3.41760752357141e+11 2.31590426640162e+12 
5.84367897361481e-13 3.77000000000000e+02 2.44257624463250e+23 1.36714554784060e+12 9.26431190514203e+12 
1.02265477755460e-12 3.77000000000000e+02 2.44257624458750e+23 2.39253034325654e+12 1.62127195426540e+13 
1.46094165774771e-12 3.77000000000000e+02 2.44257624454251e+23 3.41791513860368e+12 2.31611271789144e+13 
5.84381045967887e-12 3.77000000000000e+02 2.44257624409255e+23 1.36717630861422e+13 9.26452034335742e+13 
1.02266792616100e-11 3.77000000000000e+02 2.44257624364259e+23 2.39256110269289e+13 1.62129279565393e+14 
1.46095480635412e-11 3.77000000000000e+02 2.44257624319263e+23 3.41794589608360e+13 2.31613355572044e+14 
5.84382360828528e-11 3.77000000000000e+02 2.44257623869304e+23 1.36717937706613e+14 9.26454104844214e+14 
1.02266924102164e-10 3.77000000000000e+02 2.44257623419345e+23 2.39256415777211e+14 1.62129484183225e+15 
1.46095612121476e-10 3.77000000000000e+02 2.44257622969386e+23 3.41794893159848e+14 2.31613556630358e+15 
5.84382492314592e-10 3.77000000000000e+02 2.44257618469798e+23 1.36717960765649e+15 9.26454173158231e+15 
1.02266937250771e-09 3.77000000000000e+02 2.44257613970211e+23 2.39256425463462e+15 1.62129466684478e+16 
1.46095625270082e-09 3.77000000000000e+02 2.44257609470625e+23 3.41794883281543e+15 2.31613503536416e+16 
5.84382505463198e-09 3.77000000000000e+02 2.44257564474821e+23 1.36717886813615e+16 9.26452792620251e+16 
1.02266938565631e-08 3.77000000000000e+02 2.44257519479085e+23 2.39256217773712e+16 1.62129085328609e+17 
1.46095626584943e-08 3.77000000000000e+02 2.44257474483418e+23 3.41794479925565e+16 2.31612766227467e+17 
5.84382506778059e-08 3.77000000000000e+02 2.44257024532742e+23 1.36717116528000e+17 9.26438780763872e+17 
1.02266938697117e-07 3.77000000000000e+02 2.44256574588884e+23 2.39254109125134e+17 1.62125251066159e+18 
1.46095626716429e-07 3.77000000000000e+02 2.44256124651975e+23 3.41790412547881e+17 2.31605372323434e+18 
5.84382506909545e-07 3.77000000000000e+02 2.44251625882300e+23 1.36709379501007e+18 9.26298630697812e+18 
1.02266938710266e-06 3.77000000000000e+02 2.44247127795366e+23 2.39232889921791e+18 1.62086899684020e+19 
1.46095626729578e-06 3.77000000000000e+02 2.44242630404581e+23 3.41749399477826e+18 2.31531413461815e+19 
5.84382506922693e-06 3.77000000000000e+02 2.44197693809997e+23 1.36652567362218e+19 9.25308050308570e+19 
1.02266938711581e-05 3.77000000000000e+02 2.44152827032064e+23 2.39055562069112e+19 1.61783761955878e+20 
1.46095626730892e-05 3.77000000000000e+02 2.44108031099606e+23 3.41379120467760e+19 2.30910915192471e+20 
1.89924314750204e-05 3.77000000000000e+02 2.44063306750789e+23 4.43618560581128e+19 2.99911724803677e+20 
4.92492071595879e-05 3.77000000000000e+02 2.43756581228041e+23 1.14655521453810e+20 7.72775439507745e+20 
7.95059828441553e-05 3.77000000000000e+02 2.43453481902501e+23 1.84377638586198e+20 1.23952985632387e+21 
1.09762758528723e-04 3.77000000000000e+02 2.43154172224627e+23 2.53396056444906e+20 1.70011237635369e+21 
1.40019534213290e-04 3.77000000000000e+02 2.42858813490936e+23 3.21578841453931e+20 2.15446427371872e+21 
3.27080550796609e-04 3.77000000000000e+02 2.41127849606392e+23 7.18229455504125e+20 4.82309081470605e+21 
5.14141567379927e-04 3.77000000000000e+02 2.39578098565385e+23 1.05657465922842e+21 7.24590248927104e+21 
7.01202583963246e-04 3.77000000000000e+02 2.38221747275654e+23 1.32406736718047e+21 9.42361965282861e+21 
8.88263600546564e-04 3.77000000000000e+02 2.37056806390215e+23 1.51881503182868e+21 1.13640060944118e+22 
1.07532461712988e-03 3.77000000000000e+02 2.36070687237038e+23 1.64698155237684e+21 1.30799113596683e+22 
1.26360503149750e-03 3.77000000000000e+02 2.35239751104853e+23 1.71964682323933e+21 1.45964530823149e+22 
1.45188544586512e-03 3.77000000000000e+02 2.34549299317199e+23 1.74841779390796e+21 1.59198147162851e+22 
1.64016586023273e-03 3.77000000000000e+02 2.33977849205036e+23 1.74538947280069e+21 1.70687715828245e+22 
1.82844627460035e-03 3.77000000000000e+02 2.33505700385572e+23 1.72096833805921e+21 1.80619114912351e+22 
2.01672668896797e-03 3.77000000000000e+02 2.33115627960144e+23 1.68348108283553e+21 1.89170308525390e+22 
2.20500710333559e-03 3.77000000000000e+02 2.32792778143192e+23 1.63940623077001e+21 1.96508801905739e+22 
2.56548694106286e-03 3.77000000000000e+02 2.32319300272701e+23 1.55217301807361e+21 2.07723023569501e+22 
2.92596677879014e-03 3.77000000000000e+02 2.31984263588757e+23 1.47429003921964e+21 2.15981416825448e+22 
3.28644661651741e-03 3.77000000000000e+02 2.31744715565668e+23 1.41151250123091e+21 2.22027928047007e+22 
3.64692645424469e-03 3.77000000000000e+02 2.31572470473339e+23 1.36343731573135e+21 2.26434333603586e+22 
4.00740629197197e-03 3.77000000000000e+02 2.31448812337106e+23 1.32714970623786e+21 2.29633248518114e+22 
4.36788612969924e-03 3.77000000000000e+02 2.31359841873514e+23 1.30031575750886e+21 2.31949336764539e+22 
4.96619840248635e-03 3.77000000000000e+02 2.31262964608414e+23 1.27232486684479e+21 2.34446699879804e+22 
5.56451067527345e-03 3.77000000000000e+02 2.31205516202967e+23 1.25712722014918e+21 2.35899620922650e+22 
6.16282294806056e-03 3.77000000000000e+02 2.31171455786971e+23 1.24849982141117e+21 2.36753377217343e+22 
6.76113522084766e-03 3.77000000000000e+02 2.31151520408226e+23 1.24327841926352e+21 2.37256512835217e+22 
7.35944749363476e-03 3.77000000000000e+02 2.31139964984394e+23 1.24011748925561e+21 2.37550839912021e+22 
8.17401530211181e-03 3.77000000000000e+02 2.31131140813380e+23 1.23776162856605e+21 2.37774440546108e+22 
8.98858311058885e-03 3.77000000000000e+02 2.31127059868936e+23 1.23670719947740e+21 2.37877148016752e+22 
9.80315091906590e-03 3.77000000000000e+02 2.31125254719663e+23 1.23626372752911e+21 2.37922120441157e+22 
1.06177187275429e-02 3.77000000000000e+02 2.31124465654636e+23 1.23608038167289e+21 2.37941568658832e+22 
1.30517246767412e-02 3.77000000000000e+02 2.31123908992741e+23 1.23595662177689e+21 2.37955177094640e+22 
1.54857306259394e-02 3.77000000000000e+02 2.31123814108684e+23 1.23593811497766e+21 2.37957444911773e+22 
1.79197365751377e-02 3.77000000000000e+02 2.31123806547250e+23 1.23593484543106e+21 2.37957661531378e+22 
4.22597960671201e-02 3.77000000000000e+02 2.31123809038182e+23 1.23593429886245e+21 2.37957622644110e+22 
6.65998555591026e-02 3.77000000000000e+02 2.31123809778141e+23 1.23593452991221e+21 2.37957603223948e+22 
9.09399150510850e-02 3.77000000000000e+02 2.31123809819483e+23 1.23593453020486e+21 2.37957602391257e+22 
3.34340509970909e-01 3.77000000000000e+02 2.31123809815685e+23 1.23593453509420e+21 2.37957602369429e+22 
5.77741104890734e-01 3.77000000000000e+02 2.31123809815434e+23 1.23593453497254e+21 2.37957602376872e+22 
8.21141699810558e-01 3.77000000000000e+02 2.31123809815372e+23 1.23593453504576e+21 2.37957602376660e+22 
3.25514764900880e+00 3.77000000000000e+02 2.31123809815375e+23 1.23593453504225e+21 2.37957602376708e+22 
5.68915359820705e+00 3.77000000000000e+02 2.31123809815377e+23 1.23593453504213e+21 2.37957602376709e+22 
8.12315954740529e+00 3.77000000000000e+02 2.31123809815378e+23 1.23593453504208e+21 2.37957602376709e+22 
3.24632190393877e+01 3.77000000000000e+02 2.31123809815375e+23 1.23593453504208e+21 2.37957602376708e+22 
5.68032785313702e+01 3.77000000000000e+02 2.31123809815365e+23 1.23593453504210e+21 2.37957602376704e+22 
8.11433380233526e+01 3.77000000000000e+02 2.31123809815370e+23 1.23593453504208e+21 2.37957602376706e+22 
9.01433380233526e+01 3.77000000000000e+02 2.31123809815376e+23 1.23593453504208e+21 2.37957602376709e+22 
9.09533380233526e+01 3.77000000000000e+02 2.31123809815376e+23 1.23593453504208e+21 2.37957602376709e+22 
9.17633380233526e+01 3.77000000000000e+02 2.31123809815377e+23 1.23593453504208e+21 2.37957602376709e+22 
9.25733380233526e+01 3.77000000000000e+02 2.31123809815376e+23 1.23593453504208e+21 2.37957602376709e+22 
1.00673338023353e+02 3.77000000000000e+02 2.31123809815374e+23 1.23593453504208e+21 2.37957602376708e+22 
1.08773338023353e+02 3.77000000000000e+02 2.31123809815375e+23 1.23593453504208e+21 2.37957602376708e+22 
1.16873338023353e+02 3.77000000000000e+02 2.31123809815373e+23 1.23593453504208e+21 2.37957602376707e+22 
1.19060338023353e+02 3.77000000000000e+02 2.31123809815376e+23 1.23593453504208e+21 2.37957602376709e+22 
1.21247338023353e+02 3.77000000000000e+02 2.31123809815377e+23 1.23593453504208e+21 2.37957602376709e+22 
1.23434338023353e+02 3.77000000000000e+02 2.31123809815377e+23 1.23593453504208e+21 2.37957602376709e+22 
1.29995338023353e+02 3.77000000000000e+02 2.31123809815381e+23 1.23593453504207e+21 2.37957602376711e+22 
1.36556338023353e+02 3.77000000000000e+02 2.31123809815383e+23 1.23593453504207e+21 2.37957602376712e+22 
1.43117338023353e+02 3.77000000000000e+02 2.31123809815386e+23 1.23593453504206e+21 2.37957602376713e+22 
1.62800338023353e+02 3.77000000000000e+02 2.31123809815391e+23 1.23593453504205e+21 2.37957602376715e+22 
1.82483338023353e+02 3.77000000000000e+02 2.31123809815401e+23 1.23593453504204e+21 2.37957602376720e+22 
2.02166338023353e+02 3.77000000000000e+02 2.31123809815394e+23 1.23593453504205e+21 2.37957602376717e+22 
3.02166338023353e+02 3.77000000000000e+02 2.31123809815242e+23 1.23593453504229e+21 2.37957602376650e+22 
4.02166338023353e+02 3.77000000000000e+02 2.31123809815179e+23 1.23593453504239e+21 2.37957602376622e+22 
5.02166338023353e+02 3.77000000000000e+02 2.31123809815224e+23 1.23593453504232e+21 2.37957602376642e+22 
6.02166338023353e+02 3.77000000000000e+02 2.31123809815196e+23 1.23593453504236e+21 2.37957602376630e+22 
7.02166338023353e+02 3.77000000000000e+02 2.31123809815231e+23 1.23593453504230e+21 2.37957602376645e+22 
8.02166338023353e+02 3.77000000000000e+02 2.31123809815342e+23 1.23593453504213e+21 2.37957602376694e+22 
9.02166338023353e+02 3.77000000000000e+02 2.31123809815233e+23 1.23593453504230e+21 2.37957602376646e+22 
1.00000000000000e+03 3.77000000000000e+02 2.31123809815281e+23 1.23593453504223e+21 2.37957602376667e+22 
