Time(s)              GasTemp(K)           [O2(X)](m^-3)        [O2(a)](m^-3)        [O(3P)](m^-3)       
0.00000000000000e+00 3.77000000000000e+02 4.95211801200672e+22 0.00000000000000e+00 0.00000000000000e+00 
1.82758193594102e-16 3.77000000000000e+02 4.95211801200670e+22 9.67732272998973e+07 2.72197339097508e+08 
3.65516387188203e-16 3.77000000000000e+02 4.95211801200668e+22 1.93546454599792e+08 5.44394678194994e+08 
5.48274580782305e-16 3.77000000000000e+02 4.95211801200665e+22 2.90319681899684e+08 8.16592017292456e+08 
2.37585651672332e-15 3.77000000000000e+02 4.95211801200642e+22 1.25805195489837e+09 3.53856540826507e+09 
4.20343845266434e-15 3.77000000000000e+02 4.95211801200619e+22 2.22578422789679e+09 6.26053879923540e+09 
6.03102038860535e-15 3.77000000000000e+02 4.95211801200595e+22 3.19351650089494e+09 8.98251219020340e+09 
2.43068397480155e-14 3.77000000000000e+02 4.95211801200363e+22 1.28708392308531e+10 3.62022460996827e+10 
4.25826591074257e-14 3.77000000000000e+02 4.95211801200130e+22 2.25481619607846e+10 6.34219800089335e+10 
6.08584784668358e-14 3.77000000000000e+02 4.95211801199897e+22 3.22254846906891e+10 9.06417139179515e+10 
2.43616672060937e-13 3.77000000000000e+02 4.95211801197568e+22 1.28998711987397e+11 3.62839052988057e+11 
4.26374865655039e-13 3.77000000000000e+02 4.95211801195239e+22 2.25771939281447e+11 6.35036392035318e+11 
6.09133059249141e-13 3.77000000000000e+02 4.95211801192911e+22 3.22545166572788e+11 9.07233731059300e+11 
2.43671499519016e-12 3.77000000000000e+02 4.95211801169624e+22 1.29027743925259e+12 3.62920711929166e+12 
4.26429693113117e-12 3.77000000000000e+02 4.95211801146336e+22 2.25800971166653e+12 6.35118050523949e+12 
6.09187886707219e-12 3.77000000000000e+02 4.95211801123049e+22 3.22574198380958e+12 9.07315388885954e+12 
2.43676982264823e-11 3.77000000000000e+02 4.95211800890177e+22 1.29030646818788e+13 3.62928875243133e+13 
4.26435175858925e-11 3.77000000000000e+02 4.95211800657305e+22 2.25803873533626e+13 6.35126209313142e+13 
6.09193369453027e-11 3.77000000000000e+02 4.95211800424434e+22 3.22577099977574e+13 9.07323541055369e+13 
2.43677530539404e-10 3.77000000000000e+02 4.95211798095715e+22 1.29030934105577e+14 3.62929665773094e+14 
4.26435724133506e-10 3.77000000000000e+02 4.95211795766996e+22 2.25804155554847e+14 6.35126954595370e+14 
6.09193917727607e-10 3.77000000000000e+02 4.95211793438278e+22 3.22577374295230e+14 9.07324220139827e+14 
2.43677585366862e-09 3.77000000000000e+02 4.95211770151105e+22 1.29030932808620e+15 3.62929486811922e+15 
4.26435778960964e-09 3.77000000000000e+02 4.95211746863946e+22 2.25804101602211e+15 6.35126323157267e+15 
6.09193972555065e-09 3.77000000000000e+02 4.95211723576802e+22 3.22577243306941e+15 9.07322926724929e+15 
2.43677590849608e-08 3.77000000000000e+02 4.95211490706596e+22 1.29030632422780e+16 3.62926888793624e+16 
4.26435784443710e-08 3.77000000000000e+02 4.95211257837798e+22 2.25803274659533e+16 6.35119200410539e+16 
6.09193978037811e-08 3.77000000000000e+02 4.95211024970434e+22 3.22575646007767e+16 9.07309184302962e+16 
2.43677591397883e-07 3.77000000000000e+02 4.95208696420526e+22 1.29027599844455e+17 3.62900829719537e+17 
4.26435784991984e-07 3.77000000000000e+02 4.95206368011417e+22 2.25794976508041e+17 6.35047898139811e+17 
6.09193978586086e-07 3.77000000000000e+02 4.95204039745757e+22 3.22559644295343e+17 9.07171694547895e+17 
2.43677591452710e-06 3.77000000000000e+02 4.95180764733799e+22 1.29006189368199e+18 3.62716958741547e+18 
4.26435785046812e-06 3.77000000000000e+02 4.95157503964327e+22 2.25729497178854e+18 6.34485732552955e+18 
6.09193978640913e-06 3.77000000000000e+02 4.95134257526969e+22 3.22425699930915e+18 9.06022074214798e+18 
7.91952172235015e-06 3.77000000000000e+02 4.95111025446139e+22 4.19094731899656e+18 1.17732562686568e+19 
2.61953410817603e-05 3.77000000000000e+02 4.94879491000161e+22 1.38428975294183e+19 3.87762450435081e+19 
4.44711604411705e-05 3.77000000000000e+02 4.94649381192448e+22 2.34676630552595e+19 6.55486755344829e+19 
6.27469798005806e-05 3.77000000000000e+02 4.94420686458314e+22 3.30652423005146e+19 9.20924638707236e+19 
8.10227991599908e-05 3.77000000000000e+02 4.94193396806104e+22 4.26356357209602e+19 1.18409607471858e+20 
2.24752699009525e-04 3.77000000000000e+02 4.92453750275370e+22 1.16955020015835e+20 3.17700145028794e+20 
3.68482598859060e-04 3.77000000000000e+02 4.90795750986118e+22 1.89597620498582e+20 5.04014801913788e+20 
5.12212498708594e-04 3.77000000000000e+02 4.89214955837959e+22 2.60571564554613e+20 6.78225943433513e+20 
6.55942398558129e-04 3.77000000000000e+02 4.87707180353051e+22 3.29889228179413e+20 8.41145713165604e+20 
7.99672298407663e-04 3.77000000000000e+02 4.86268486990463e+22 3.97566622991035e+20 9.93529596059836e+20 
1.28884647015255e-03 3.77000000000000e+02 4.81840987730319e+22 6.15876551426857e+20 1.44240959121704e+21 
1.77802064189744e-03 3.77000000000000e+02 4.78043578468626e+22 8.16348916715363e+20 1.80094671297864e+21 
2.26719481364232e-03 3.77000000000000e+02 4.74771074976028e+22 1.00010932439861e+21 2.08792659613177e+21 
2.75636898538721e-03 3.77000000000000e+02 4.71937196171486e+22 1.16835535925462e+21 2.31821028732810e+21 
3.24554315713210e-03 3.77000000000000e+02 4.69470490342265e+22 1.32228323628898e+21 2.50369569910357e+21 
3.73471732887698e-03 3.77000000000000e+02 4.67313286144246e+22 1.46305119445627e+21 2.65360062237284e+21 
4.72019762509458e-03 3.77000000000000e+02 4.63720944248566e+22 1.71104448603648e+21 2.87608241834830e+21 
5.70567792131217e-03 3.77000000000000e+02 4.60909723049140e+22 1.91811846550343e+21 3.02417869929966e+21 
6.69115821752977e-03 3.77000000000000e+02 4.58679663695681e+22 2.09120668210470e+21 3.12401413678892e+21 
7.67663851374736e-03 3.77000000000000e+02 4.56884806585464e+22 2.23607119590478e+21 3.19325653123227e+21 
8.66211880996495e-03 3.77000000000000e+02 4.55421184209929e+22 2.35743424158975e+21 3.24325491496928e+21 
9.64759910618255e-03 3.77000000000000e+02 4.54218364191963e+22 2.45916018273298e+21 3.28036703627599e+21 
1.11680735239894e-02 3.77000000000000e+02 4.52760508024934e+22 2.58487057614246e+21 3.32051748286280e+21 
1.26885479417962e-02 3.77000000000000e+02 4.51665301410835e+22 2.68081841445357e+21 3.34766312906050e+21 
1.42090223596030e-02 3.77000000000000e+02 4.50840596808935e+22 2.75404568244021e+21 3.36614951346716e+21 
1.57294967774098e-02 3.77000000000000e+02 4.50218545491460e+22 2.80991244789715e+21 3.37882624604824e+21 
1.72499711952166e-02 3.77000000000000e+02 4.49744488388315e+22 2.85258842888882e+21 3.38828570469393e+21 
1.87704456130234e-02 3.77000000000000e+02 4.49379125956129e+22 2.88524626076988e+21 3.39604252736903e+21 
2.14891046621962e-02 3.77000000000000e+02 4.48932968775012e+22 2.92518349437201e+21 3.40539949638813e+21 
2.42077637113689e-02 3.77000000000000e+02 4.48658157489209e+22 2.94986359664128e+21 3.41100154901321e+21 
2.69264227605416e-02 3.77000000000000e+02 4.48486869647487e+22 2.96534340659449e+21 3.41429949745591e+21 
2.96450818097143e-02 3.77000000000000e+02 4.48379431142458e+22 2.97507439524407e+21 3.41632522116690e+21 
3.23637408588871e-02 3.77000000000000e+02 4.48312355952134e+22 2.98112975713150e+21 3.41762953545947e+21 
3.72609443163061e-02 3.77000000000000e+02 4.48253335730259e+22 2.98644659359003e+21 3.41879990691935e+21 
4.21581477737251e-02 3.77000000000000e+02 4.48227866540252e+22 2.98873294277620e+21 3.41932104655291e+21 
4.70553512311441e-02 3.77000000000000e+02 4.48214580849988e+22 2.98993271941604e+21 3.41957863133274e+21 
5.19525546885632e-02 3.77000000000000e+02 4.48207714678899e+22 2.99055652965711e+21 3.41970424507385e+21 
5.68497581459822e-02 3.77000000000000e+02 4.48204987400348e+22 2.99080334890124e+21 3.41975606229817e+21 
7.37437825705793e-02 3.77000000000000e+02 4.48202242616217e+22 2.99105042379590e+21 3.41981086934002e+21 
9.06378069951764e-02 3.77000000000000e+02 4.48203810941728e+22 2.99090814326268e+21 3.41978176529640e+21 
1.07531831419773e-01 3.77000000000000e+02 4.48204293322591e+22 2.99086472002484e+21 3.41977213559297e+21 
1.24425855844371e-01 3.77000000000000e+02 4.48204122715990e+22 2.99088017360483e+21 3.41977534975085e+21 
2.89456552706673e-01 3.77000000000000e+02 4.48203975602231e+22 2.99089343345633e+21 3.41977825279604e+21 
4.54487249568975e-01 3.77000000000000e+02 4.48203979432080e+22 2.99089308553187e+21 3.41977818267561e+21 
6.19517946431277e-01 3.77000000000000e+02 4.48203980217685e+22 2.99089301558927e+21 3.41977816543979e+21 
2.26982491505430e+00 3.77000000000000e+02 4.48203980235157e+22 2.99089301401709e+21 3.41977816508995e+21 
3.92013188367732e+00 3.77000000000000e+02 4.48203980230267e+22 2.99089301445619e+21 3.41977816518961e+21 
5.57043885230034e+00 3.77000000000000e+02 4.48203980230285e+22 2.99089301445431e+21 3.41977816518958e+21 
2.20735085385305e+01 3.77000000000000e+02 4.48203980230261e+22 2.99089301445483e+21 3.41977816518952e+21 
3.85765782247607e+01 3.77000000000000e+02 4.48203980230279e+22 2.99089301445492e+21 3.41977816518965e+21 
5.50796479109909e+01 3.77000000000000e+02 4.48203980230304e+22 2.99089301445504e+21 3.41977816518983e+21 
1.55079647910991e+02 3.77000000000000e+02 4.48203980230301e+22 2.99089301445503e+21 3.41977816518981e+21 
2.55079647910991e+02 3.77000000000000e+02 4.48203980230392e+22 2.99089301445546e+21 3.41977816519046e+21 
3.55079647910991e+02 3.77000000000000e+02 4.48203980230380e+22 2.99089301445539e+21 3.41977816519037e+21 
4.55079647910991e+02 3.77000000000000e+02 4.48203980230287e+22 2.99089301445495e+21 3.41977816518970e+21 
5.55079647910991e+02 3.77000000000000e+02 4.48203980230076e+22 2.99089301445394e+21 3.41977816518819e+21 
6.55079647910991e+02 3.77000000000000e+02 4.48203980229965e+22 2.99089301445343e+21 3.41977816518740e+21 
7.55079647910991e+02 3.77000000000000e+02 4.48203980229843e+22 2.99089301445284e+21 3.41977816518653e+21 
8.55079647910991e+02 3.77000000000000e+02 4.48203980229994e+22 2.99089301445358e+21 3.41977816518761e+21 
9.55079647910991e+02 3.77000000000000e+02 4.48203980230031e+22 2.99089301445373e+21 3.41977816518787e+21 
1.00000000000000e+03 3.77000000000000e+02 4.48203980230086e+22 2.99089301445400e+21 3.41977816518827e+21 
