Time(s)              GasTemp(K)           [O2(X)](m^-3)        [O2(a)](m^-3)        [O(3P)](m^-3)       
0.00000000000000e+00 3.77000000000000e+02 4.95778812614883e+22 0.00000000000000e+00 0.00000000000000e+00 
1.60264662935677e-16 3.77000000000000e+02 4.95778812614880e+22 1.11750644078820e+08 2.61622603537582e+08 
3.20529325871354e-16 3.77000000000000e+02 4.95778812614878e+22 2.23501288157638e+08 5.23245207075143e+08 
4.80793988807031e-16 3.77000000000000e+02 4.95778812614875e+22 3.35251932236454e+08 7.84867810612682e+08 
2.08344061816380e-15 3.77000000000000e+02 4.95778812614851e+22 1.45275837302438e+09 3.40109384598620e+09 
3.68608724752057e-15 3.77000000000000e+02 4.95778812614827e+22 2.57026481381205e+09 6.01731988135759e+09 
5.28873387687734e-15 3.77000000000000e+02 4.95778812614803e+22 3.68777125459946e+09 8.63354591672680e+09 
2.13152001704450e-14 3.77000000000000e+02 4.95778812614560e+22 1.48628356624510e+10 3.47958062702318e+10 
3.73416664640127e-14 3.77000000000000e+02 4.95778812614318e+22 2.60379000702768e+10 6.09580666235238e+10 
5.33681327575804e-14 3.77000000000000e+02 4.95778812614075e+22 3.72129644780764e+10 8.71203269765987e+10 
2.13632795693257e-13 3.77000000000000e+02 4.95778812611649e+22 1.48963608553815e+11 3.48742930488630e+11 
3.73897458628934e-13 3.77000000000000e+02 4.95778812609224e+22 2.60714252626984e+11 6.10365533979359e+11 
5.34162121564611e-13 3.77000000000000e+02 4.95778812606798e+22 3.72464896697534e+11 8.71988137448383e+11 
2.13680875092138e-12 3.77000000000000e+02 4.95778812582542e+22 1.48997133717725e+12 3.48821417026680e+12 
3.73945538027815e-12 3.77000000000000e+02 4.95778812558286e+22 2.60747777740001e+12 6.10444020095506e+12 
5.34210200963492e-12 3.77000000000000e+02 4.95778812534030e+22 3.72498421736096e+12 8.72066622947283e+12 
2.13685683032026e-11 3.77000000000000e+02 4.95778812291468e+22 1.49000485943914e+13 3.48829263274682e+13 
3.73950345967703e-11 3.77000000000000e+02 4.95778812048906e+22 2.60751129457266e+13 6.10451862124472e+13 
5.34215008903380e-11 3.77000000000000e+02 4.95778811806344e+22 3.72501772708800e+13 8.72074458803768e+13 
2.13686163826015e-10 3.77000000000000e+02 4.95778809380724e+22 1.49000818264513e+14 3.48830023841445e+14 
3.73950826761692e-10 3.77000000000000e+02 4.95778806955105e+22 2.60751456688620e+14 6.10452580500887e+14 
5.34215489697369e-10 3.77000000000000e+02 4.95778804529486e+22 3.72502092494551e+14 8.72075115455388e+14 
2.13686211905414e-09 3.77000000000000e+02 4.95778780273307e+22 1.49000822476371e+15 3.48829859317931e+15 
3.73950874841091e-09 3.77000000000000e+02 4.95778756017142e+22 2.60751410008012e+15 6.10451994074228e+15 
5.34215537776767e-09 3.77000000000000e+02 4.95778731760990e+22 3.72501971357872e+15 8.72073911781572e+15 
2.13686216713354e-08 3.77000000000000e+02 4.95778489200631e+22 1.49000532695210e+16 3.48827437080885e+16 
3.73950879649030e-08 3.77000000000000e+02 4.95778246641595e+22 2.60750611300580e+16 6.10445352841533e+16 
5.34215542584707e-08 3.77000000000000e+02 4.95778004083905e+22 3.72500428086420e+16 8.72061098158626e+16 
2.13686217194148e-07 3.77000000000000e+02 4.95775578623172e+22 1.48997601661103e+17 3.48803138731960e+17 
3.73950880129824e-07 3.77000000000000e+02 4.95773153294634e+22 2.60742590842113e+17 6.10378868114642e+17 
5.34215543065501e-07 3.77000000000000e+02 4.95770728100778e+22 3.72484961656893e+17 8.71932897658799e+17 
2.13686217242227e-06 3.77000000000000e+02 4.95746483340179e+22 1.48976904146968e+18 3.48631685781710e+18 
3.73950880177904e-06 3.77000000000000e+02 4.95722251953256e+22 2.60679286069751e+18 6.09854660393310e+18 
5.34215543113581e-06 3.77000000000000e+02 4.95698034025470e+22 3.72355453182735e+18 8.70860881887482e+18 
6.94480206049258e-06 3.77000000000000e+02 4.95673829581120e+22 4.84005334511981e+18 1.13165000623519e+19 
2.29712683540603e-05 3.77000000000000e+02 4.95432524170895e+22 1.59905487981686e+19 3.72765912012451e+19 
3.89977346476279e-05 3.77000000000000e+02 4.95192558312210e+22 2.71146610424199e+19 6.30215384496747e+19 
5.50242009411956e-05 3.77000000000000e+02 4.94953924292320e+22 3.82123194720601e+19 8.85530255682808e+19 
7.10506672347633e-05 3.77000000000000e+02 4.94716614033712e+22 4.92834532806217e+19 1.13872809672865e+20 
1.99112210641340e-04 3.77000000000000e+02 4.92866962493683e+22 1.36788952091148e+20 3.08792120057632e+20 
3.27173754047916e-04 3.77000000000000e+02 4.91097333304494e+22 2.22568590722661e+20 4.91158680632300e+20 
4.55235297454492e-04 3.77000000000000e+02 4.89403870616621e+22 3.06601475138105e+20 6.61785449376143e+20 
5.83296840861069e-04 3.77000000000000e+02 4.87782892449274e+22 3.88875176570577e+20 8.21433679980480e+20 
7.11358384267645e-04 3.77000000000000e+02 4.86230889025893e+22 4.69384663503023e+20 9.70815390791873e+20 
1.17822106427259e-03 3.77000000000000e+02 4.81105136438762e+22 7.48001304043390e+20 1.43873262713721e+21 
1.64508374427754e-03 3.77000000000000e+02 4.76708460050203e+22 1.00379345002755e+21 1.80648361288077e+21 
2.11194642428249e-03 3.77000000000000e+02 4.72920229713923e+22 1.23791983771844e+21 2.09587690475502e+21 
2.57880910428743e-03 3.77000000000000e+02 4.69640489392521e+22 1.45181925140732e+21 2.32402614165757e+21 
3.04567178429238e-03 3.77000000000000e+02 4.66786710015841e+22 1.64702300613896e+21 2.50437450753028e+21 
3.51253446429733e-03 3.77000000000000e+02 4.64290598365264e+22 1.82506668623636e+21 2.64750947745087e+21 
4.27340921616136e-03 3.77000000000000e+02 4.60849363170057e+22 2.08223593230998e+21 2.82141802434516e+21 
5.03428396802540e-03 3.77000000000000e+02 4.58029574348582e+22 2.30362882692803e+21 2.94258999940387e+21 
5.79515871988944e-03 3.77000000000000e+02 4.55695215370921e+22 2.49445434993073e+21 3.02781074893022e+21 
6.55603347175348e-03 3.77000000000000e+02 4.53743269401687e+22 2.65915641974351e+21 3.08879580315108e+21 
7.31690822361752e-03 3.77000000000000e+02 4.52096533045240e+22 2.80148046871436e+21 3.13349497649854e+21 
8.07778297548156e-03 3.77000000000000e+02 4.50698243245570e+22 2.92458189055609e+21 3.16695009274907e+21 
9.34992606306490e-03 3.77000000000000e+02 4.48800961358095e+22 3.09462576501189e+21 3.20631872133212e+21 
1.06220691506482e-02 3.77000000000000e+02 4.47330221015691e+22 3.22852483660041e+21 3.23266864663574e+21 
1.18942122382316e-02 3.77000000000000e+02 4.46186840889409e+22 3.33401746059723e+21 3.25035942389811e+21 
1.31663553258149e-02 3.77000000000000e+02 4.45294739585480e+22 3.41717017473590e+21 3.26247425640594e+21 
1.44384984133983e-02 3.77000000000000e+02 4.44591513783431e+22 3.48284533831805e+21 3.27176908965053e+21 
1.57106415009816e-02 3.77000000000000e+02 4.44032784672684e+22 3.53480413452260e+21 3.27959731939074e+21 
1.78674773527878e-02 3.77000000000000e+02 4.43344153510933e+22 3.59881538040129e+21 3.28930105998403e+21 
2.00243132045940e-02 3.77000000000000e+02 4.42882328275823e+22 3.64184820676901e+21 3.29560045427246e+21 
2.21811490564001e-02 3.77000000000000e+02 4.42574908977498e+22 3.67090481631971e+21 3.29897109483795e+21 
2.43379849082063e-02 3.77000000000000e+02 4.42367425833227e+22 3.69044292138749e+21 3.30139151355772e+21 
2.64948207600125e-02 3.77000000000000e+02 4.42225183320301e+22 3.70358520692199e+21 3.30355544507505e+21 
3.05515698293482e-02 3.77000000000000e+02 4.42082894422939e+22 3.71696737647954e+21 3.30524888543331e+21 
3.46083188986838e-02 3.77000000000000e+02 4.42017611380536e+22 3.72329327299204e+21 3.30565370089783e+21 
3.86650679680195e-02 3.77000000000000e+02 4.41982527798947e+22 3.72668999429812e+21 3.30587697461861e+21 
4.27218170373552e-02 3.77000000000000e+02 4.41962758916824e+22 3.72853230542857e+21 3.30614612879557e+21 
4.67785661066908e-02 3.77000000000000e+02 4.41953266097291e+22 3.72939570161377e+21 3.30631790033891e+21 
5.73511663340023e-02 3.77000000000000e+02 4.41944686853904e+22 3.73020112826681e+21 3.30642289571874e+21 
6.79237665613138e-02 3.77000000000000e+02 4.41946083394405e+22 3.73007701624218e+21 3.30639181165633e+21 
7.84963667886253e-02 3.77000000000000e+02 4.41947267983971e+22 3.72996723803724e+21 3.30637445014178e+21 
8.90689670159368e-02 3.77000000000000e+02 4.41947313532229e+22 3.72996250161427e+21 3.30637481333134e+21 
1.75417437657049e-01 3.77000000000000e+02 4.41946998799989e+22 3.72999188354920e+21 3.30637899590323e+21 
2.61765908298162e-01 3.77000000000000e+02 4.41946969482481e+22 3.72999464379012e+21 3.30637933892337e+21 
3.48114378939274e-01 3.77000000000000e+02 4.41946970461135e+22 3.72999455296432e+21 3.30637932484447e+21 
1.21159908535040e+00 3.77000000000000e+02 4.41946970875910e+22 3.72999451406293e+21 3.30637931969274e+21 
2.07508379176152e+00 3.77000000000000e+02 4.41946970868231e+22 3.72999451477960e+21 3.30637931979510e+21 
2.93856849817265e+00 3.77000000000000e+02 4.41946970867770e+22 3.72999451482260e+21 3.30637931980130e+21 
1.15734155622839e+01 3.77000000000000e+02 4.41946970867778e+22 3.72999451482230e+21 3.30637931980128e+21 
2.02082626263951e+01 3.77000000000000e+02 4.41946970867788e+22 3.72999451482229e+21 3.30637931980133e+21 
2.88431096905064e+01 3.77000000000000e+02 4.41946970867799e+22 3.72999451482233e+21 3.30637931980140e+21 
1.15191580331619e+02 3.77000000000000e+02 4.41946970867701e+22 3.72999451482194e+21 3.30637931980076e+21 
2.01540050972731e+02 3.77000000000000e+02 4.41946970867686e+22 3.72999451482188e+21 3.30637931980066e+21 
2.87888521613844e+02 3.77000000000000e+02 4.41946970867820e+22 3.72999451482243e+21 3.30637931980155e+21 
3.87888521613844e+02 3.77000000000000e+02 4.41946970867924e+22 3.72999451482284e+21 3.30637931980223e+21 
4.87888521613844e+02 3.77000000000000e+02 4.41946970867835e+22 3.72999451482247e+21 3.30637931980164e+21 
5.87888521613844e+02 3.77000000000000e+02 4.41946970867794e+22 3.72999451482232e+21 3.30637931980138e+21 
6.87888521613844e+02 3.77000000000000e+02 4.41946970867946e+22 3.72999451482293e+21 3.30637931980238e+21 
7.87888521613844e+02 3.77000000000000e+02 4.41946970867891e+22 3.72999451482270e+21 3.30637931980201e+21 
8.87888521613844e+02 3.77000000000000e+02 4.41946970867882e+22 3.72999451482267e+21 3.30637931980196e+21 
9.87888521613844e+02 3.77000000000000e+02 4.41946970868013e+22 3.72999451482320e+21 3.30637931980282e+21 
1.00000000000000e+03 3.77000000000000e+02 4.41946970868012e+22 3.72999451482319e+21 3.30637931980281e+21 
