Time(s)              GasTemp(K)           [O2(X)](m^-3)        [O2(a)](m^-3)        [O(3P)](m^-3)       
0.00000000000000e+00 3.77000000000000e+02 1.13089238673004e+23 0.00000000000000e+00 0.00000000000000e+00 
4.52991929947018e-17 3.77000000000000e+02 1.13089238673004e+23 1.18501897532059e+08 4.32452865028698e+08 
9.05983859894036e-17 3.77000000000000e+02 1.13089238673003e+23 2.37003795064117e+08 8.64905730057391e+08 
1.35897578984105e-16 3.77000000000000e+02 1.13089238673003e+23 3.55505692596174e+08 1.29735859508608e+09 
5.88889508931123e-16 3.77000000000000e+02 1.13089238672999e+23 1.54052466791667e+09 5.62188724537245e+09 
1.04188143887814e-15 3.77000000000000e+02 1.13089238672996e+23 2.72554364323707e+09 9.94641589565825e+09 
1.49487336882516e-15 3.77000000000000e+02 1.13089238672993e+23 3.91056261855739e+09 1.42709445459435e+10 
6.02479266829534e-15 3.77000000000000e+02 1.13089238672959e+23 1.57607523717528e+10 5.75162310487459e+10 
1.05547119677655e-14 3.77000000000000e+02 1.13089238672926e+23 2.76109421249393e+10 1.00761517551492e+11 
1.50846312672357e-14 3.77000000000000e+02 1.13089238672892e+23 3.94611318781168e+10 1.44006804054180e+11 
6.03838242619375e-14 3.77000000000000e+02 1.13089238672558e+23 1.57963029409114e+11 5.76459669076077e+11 
1.05683017256639e-13 3.77000000000000e+02 1.13089238672223e+23 2.76464926939227e+11 1.00891253409230e+12 
1.50982210251341e-13 3.77000000000000e+02 1.13089238671888e+23 3.94966824468438e+11 1.44136539910275e+12 
6.03974140198359e-13 3.77000000000000e+02 1.13089238668541e+23 1.57998579968279e+12 5.76589404870902e+12 
1.05696607014538e-12 3.77000000000000e+02 1.13089238665194e+23 2.76500477480864e+12 1.00904226977483e+13 
1.50995800009240e-12 3.77000000000000e+02 1.13089238661846e+23 3.95002374984433e+12 1.44149513462098e+13 
6.03987729956258e-12 3.77000000000000e+02 1.13089238628373e+23 1.58002134924252e+13 5.76602377810013e+13 
1.05697965990328e-11 3.77000000000000e+02 1.13089238594901e+23 2.76504032261569e+13 1.00905524159093e+14 
1.50997158985029e-11 3.77000000000000e+02 1.13089238561428e+23 3.95005929508717e+13 1.44150810479410e+14 
6.03989088932048e-11 3.77000000000000e+02 1.13089238226700e+23 1.58002489420419e+14 5.76603668700216e+14 
1.05698101887907e-10 3.77000000000000e+02 1.13089237891971e+23 2.76504385005044e+14 1.00905652125101e+15 
1.50997294882608e-10 3.77000000000000e+02 1.13089237557243e+23 3.95006279687991e+14 1.44150936802443e+15 
6.03989224829626e-10 3.77000000000000e+02 1.13089234209960e+23 1.58002514875723e+15 5.76603733752159e+15 
1.05698115477664e-09 3.77000000000000e+02 1.13089230862678e+23 2.76504392933405e+15 1.00905647400174e+16 
1.50997308472366e-09 3.77000000000000e+02 1.13089227515395e+23 3.95006261974284e+15 1.44150915647766e+16 
6.03989238419384e-09 3.77000000000000e+02 1.13089194042607e+23 1.58002417477365e+16 5.76603099887202e+16 
1.05698116836640e-08 3.77000000000000e+02 1.13089160569856e+23 2.76504120263141e+16 1.00905471712590e+17 
1.50997309831342e-08 3.77000000000000e+02 1.13089127097143e+23 3.95005732878165e+16 1.44150575662954e+17 
6.03989239778360e-08 3.77000000000000e+02 1.13088792373279e+23 1.58001408222100e+17 5.76596632861181e+17 
1.05698116972538e-07 3.77000000000000e+02 1.13088457653136e+23 2.76501358041788e+17 1.00903702011829e+18 
1.50997309967240e-07 3.77000000000000e+02 1.13088122936783e+23 3.95000405880524e+17 1.44147163018396e+18 
6.03989239914258e-07 3.77000000000000e+02 1.13084776100179e+23 1.57991304490388e+18 5.76531955964243e+18 
1.05698116986128e-06 3.77000000000000e+02 1.13081429635724e+23 2.76473699954430e+18 1.00886005612261e+19 
1.50997309980829e-06 3.77000000000000e+02 1.13078083550520e+23 3.94947048283656e+18 1.44113040028599e+19 
6.03989239927848e-06 3.77000000000000e+02 1.13044642947541e+23 1.57919425212074e+19 5.76075658840051e+19 
1.05698116987487e-05 3.77000000000000e+02 1.13011240123066e+23 2.76252971972381e+19 1.00746505481683e+20 
1.50997309982188e-05 3.77000000000000e+02 1.12977875419596e+23 3.94493630899884e+19 1.43827780636643e+20 
1.96296502976890e-05 3.77000000000000e+02 1.12944549011903e+23 5.12640046918476e+19 1.86851312817649e+20 
6.49288432923908e-05 3.77000000000000e+02 1.12613421601717e+23 1.68851560851735e+20 6.13931020870049e+20 
1.10228036287093e-04 3.77000000000000e+02 1.12286215366801e+23 2.85371325421638e+20 1.03530396156138e+21 
1.55527229281794e-04 3.77000000000000e+02 1.11963000601859e+23 4.00724091454291e+20 1.45102795938201e+21 
2.00826422276496e-04 3.77000000000000e+02 1.11643845701912e+23 5.14811121279339e+20 1.86116369962511e+21 
4.92063308759380e-04 3.77000000000000e+02 1.09692043972138e+23 1.21289886259506e+21 4.36859167654114e+21 
7.83300195242264e-04 3.77000000000000e+02 1.07920819552224e+23 1.83664714146321e+21 6.66354395863266e+21 
1.07453708172515e-03 3.77000000000000e+02 1.06333749213328e+23 2.37463650302946e+21 8.76170591329271e+21 
1.36577396820803e-03 3.77000000000000e+02 1.04926958412701e+23 2.82319530077330e+21 1.06781699190580e+22 
1.65701085469091e-03 3.77000000000000e+02 1.03691010321637e+23 3.18458685935739e+21 1.24272829840182e+22 
2.04507222067778e-03 3.77000000000000e+02 1.02282886138745e+23 3.54397675486104e+21 1.45247515587957e+22 
2.43313358666465e-03 3.77000000000000e+02 1.01119207062105e+23 3.78064726597963e+21 1.63787686898373e+22 
2.82119495265152e-03 3.77000000000000e+02 1.00164827780814e+23 3.91669023867771e+21 1.80154413070243e+22 
3.20925631863839e-03 3.77000000000000e+02 9.93852059101561e+22 3.97451904454355e+21 1.94590274366083e+22 
4.09876866345699e-03 3.77000000000000e+02 9.81049988166651e+22 3.91092009613543e+21 2.21466395204065e+22 
4.77638089875562e-03 3.77000000000000e+02 9.74499986070160e+22 3.77528166733279e+21 2.37279167973101e+22 
5.45399313405424e-03 3.77000000000000e+02 9.69714000984542e+22 3.62098050099539e+21 2.49937161471084e+22 
6.13160536935286e-03 3.77000000000000e+02 9.66129706948259e+22 3.47327436925298e+21 2.60059872178499e+22 
6.80921760465148e-03 3.77000000000000e+02 9.63379479736533e+22 3.34405455100493e+21 2.68144722966911e+22 
7.48682983995010e-03 3.77000000000000e+02 9.61238169960222e+22 3.23560265314119e+21 2.74596380476808e+22 
8.31923800313791e-03 3.77000000000000e+02 9.59220418043744e+22 3.12691541951661e+21 2.80805628982255e+22 
9.15164616632573e-03 3.77000000000000e+02 9.57707347218787e+22 3.04326676495721e+21 2.85504743723358e+22 
9.98405432951354e-03 3.77000000000000e+02 9.56556847190919e+22 2.98103540974071e+21 2.89050370883424e+22 
1.08164624927014e-02 3.77000000000000e+02 9.55674840091270e+22 2.93560180975958e+21 2.91723057082344e+22 
1.22094653660494e-02 3.77000000000000e+02 9.54644057095578e+22 2.88592177235460e+21 2.94778223821828e+22 
1.36024682393974e-02 3.77000000000000e+02 9.53988790379893e+22 2.85560943322620e+21 2.96695004035765e+22 
1.49954711127455e-02 3.77000000000000e+02 9.53579303917989e+22 2.83614128533493e+21 2.97903339917400e+22 
1.63884739860935e-02 3.77000000000000e+02 9.53317785510187e+22 2.82460588119042e+21 2.98657084815895e+22 
1.77814768594416e-02 3.77000000000000e+02 9.53152748702084e+22 2.81765283754760e+21 2.99126219304956e+22 
2.06247782665076e-02 3.77000000000000e+02 9.52998090631239e+22 2.81126388426987e+21 2.99563314512200e+22 
2.34680796735737e-02 3.77000000000000e+02 9.52936680998348e+22 2.80833593292664e+21 2.99744692804847e+22 
2.63113810806398e-02 3.77000000000000e+02 9.52901827985247e+22 2.80664921633924e+21 2.99848133162798e+22 
2.91546824877058e-02 3.77000000000000e+02 9.52882984813584e+22 2.80589006398279e+21 2.99901002553253e+22 
3.19979838947719e-02 3.77000000000000e+02 9.52877065638623e+22 2.80570498201538e+21 2.99916542542524e+22 
4.10628210153968e-02 3.77000000000000e+02 9.52881077386854e+22 2.80599174170818e+21 2.99902783852205e+22 
5.01276581360217e-02 3.77000000000000e+02 9.52882438551631e+22 2.80592809484772e+21 2.99901334459860e+22 
5.91924952566466e-02 3.77000000000000e+02 9.52876867143415e+22 2.80567308488959e+21 2.99917577475455e+22 
6.82573323772715e-02 3.77000000000000e+02 9.52875414664921e+22 2.80562500361040e+21 2.99921444058026e+22 
7.73221694978964e-02 3.77000000000000e+02 9.52877191488505e+22 2.80568866401156e+21 2.99916617202836e+22 
1.16464481768553e-01 3.77000000000000e+02 9.52877477720828e+22 2.80569999868783e+21 2.99915818044665e+22 
1.55606794039209e-01 3.77000000000000e+02 9.52877743008089e+22 2.80570472553278e+21 2.99915192933244e+22 
1.94749106309866e-01 3.77000000000000e+02 9.52877563854613e+22 2.80570269683717e+21 2.99915591814108e+22 
2.33891418580522e-01 3.77000000000000e+02 9.52877523102920e+22 2.80570180246200e+21 2.99915691204997e+22 
6.25314541287087e-01 3.77000000000000e+02 9.52877531512575e+22 2.80570188414673e+21 2.99915672751987e+22 
1.01673766399365e+00 3.77000000000000e+02 9.52877532115230e+22 2.80570190207169e+21 2.99915671188181e+22 
1.40816078670022e+00 3.77000000000000e+02 9.52877532103367e+22 2.80570190306275e+21 2.99915671192082e+22 
5.32239201376586e+00 3.77000000000000e+02 9.52877532101332e+22 2.80570190318522e+21 2.99915671193702e+22 
9.23662324083151e+00 3.77000000000000e+02 9.52877532101328e+22 2.80570190318432e+21 2.99915671193695e+22 
1.31508544678972e+01 3.77000000000000e+02 9.52877532101309e+22 2.80570190318466e+21 2.99915671193691e+22 
5.22931667385536e+01 3.77000000000000e+02 9.52877532101346e+22 2.80570190318460e+21 2.99915671193700e+22 
9.14354790092101e+01 3.77000000000000e+02 9.52877532101628e+22 2.80570190318418e+21 2.99915671193771e+22 
1.30577791279867e+02 3.77000000000000e+02 9.52877532101774e+22 2.80570190318398e+21 2.99915671193808e+22 
2.30577791279867e+02 3.77000000000000e+02 9.52877532101260e+22 2.80570190318473e+21 2.99915671193678e+22 
3.30577791279867e+02 3.77000000000000e+02 9.52877532100581e+22 2.80570190318570e+21 2.99915671193507e+22 
4.30577791279867e+02 3.77000000000000e+02 9.52877532100653e+22 2.80570190318557e+21 2.99915671193525e+22 
5.30577791279866e+02 3.77000000000000e+02 9.52877532100875e+22 2.80570190318527e+21 2.99915671193581e+22 
6.30577791279866e+02 3.77000000000000e+02 9.52877532100795e+22 2.80570190318540e+21 2.99915671193561e+22 
7.30577791279866e+02 3.77000000000000e+02 9.52877532100789e+22 2.80570190318540e+21 2.99915671193559e+22 
8.30577791279866e+02 3.77000000000000e+02 9.52877532101221e+22 2.80570190318477e+21 2.99915671193669e+22 
9.30577791279866e+02 3.77000000000000e+02 9.52877532101441e+22 2.80570190318447e+21 2.99915671193724e+22 
1.00000000000000e+03 3.77000000000000e+02 9.52877532101633e+22 2.80570190318419e+21 2.99915671193772e+22 
