Time(s)              GasTemp(K)           [O2(X)](m^-3)        [O2(a)](m^-3)        [O(3P)](m^-3)       
0.00000000000000e+00 3.77000000000000e+02 2.26359637781736e+22 0.00000000000000e+00 0.00000000000000e+00 
2.31803432927471e-16 3.77000000000000e+02 2.26359637781734e+22 1.31078812357647e+08 1.43019204659439e+08 
4.63606865854941e-16 3.77000000000000e+02 2.26359637781732e+22 2.62157624715289e+08 2.86038409318876e+08 
6.95410298782412e-16 3.77000000000000e+02 2.26359637781730e+22 3.93236437072927e+08 4.29057613978310e+08 
3.01344462805712e-15 3.77000000000000e+02 2.26359637781710e+22 1.70402456064890e+09 1.85924966057246e+09 
5.33147895733182e-15 3.77000000000000e+02 2.26359637781690e+22 3.01481268422440e+09 3.28944170716640e+09 
7.64951328660653e-15 3.77000000000000e+02 2.26359637781670e+22 4.32560080779944e+09 4.71963375376011e+09 
3.08298565793536e-14 3.77000000000000e+02 2.26359637781467e+22 1.74334820435091e+10 1.90215542196780e+10 
5.40101998721006e-14 3.77000000000000e+02 2.26359637781264e+22 3.05413632791726e+10 3.33234746855740e+10 
7.71905431648477e-14 3.77000000000000e+02 2.26359637781062e+22 4.36492445147888e+10 4.76253951514478e+10 
3.08993976092318e-13 3.77000000000000e+02 2.26359637779036e+22 1.74728056866885e+11 1.90644599808263e+11 
5.40797409019789e-13 3.77000000000000e+02 2.26359637777010e+22 3.05806869214354e+11 3.33663804462891e+11 
7.72600841947259e-13 3.77000000000000e+02 2.26359637774984e+22 4.36885681557107e+11 4.76683009115291e+11 
3.09063517122196e-12 3.77000000000000e+02 2.26359637754725e+22 1.74767380457800e+12 1.90687505544709e+12 
5.40866950049667e-12 3.77000000000000e+02 2.26359637734466e+22 3.05846192713613e+12 3.33706710156016e+12 
7.72670382977137e-12 3.77000000000000e+02 2.26359637714208e+22 4.36925004922273e+12 4.76725914745037e+12 
3.09070471225184e-11 3.77000000000000e+02 2.26359637511619e+22 1.74771312294248e+13 1.90691795871328e+13 
5.40873904152655e-11 3.77000000000000e+02 2.26359637309031e+22 3.05850123633505e+13 3.33711000049429e+13 
7.72677337080125e-11 3.77000000000000e+02 2.26359637106442e+22 4.36928934501237e+13 4.76730204004666e+13 
3.09071166635483e-10 3.77000000000000e+02 2.26359635080558e+22 1.74771700251452e+14 1.90692222433734e+14 
5.40874599562953e-10 3.77000000000000e+02 2.26359633054674e+22 3.05850502425151e+14 3.33711422279772e+14 
7.72678032490424e-10 3.77000000000000e+02 2.26359631028790e+22 4.36929299883603e+14 4.76730619897168e+14 
3.09071236176513e-09 3.77000000000000e+02 2.26359610769956e+22 1.74771686782784e+15 1.90692240387420e+15 
5.40874669103983e-09 3.77000000000000e+02 2.26359590511127e+22 3.05850397300919e+15 3.33711396912822e+15 
7.72678102031454e-09 3.77000000000000e+02 2.26359570252304e+22 4.36929060666609e+15 4.76730531151798e+15 
3.09071243130616e-08 3.77000000000000e+02 2.26359367664576e+22 1.74771162793085e+16 1.90691995157102e+16 
5.40874676058086e-08 3.77000000000000e+02 2.26359165077420e+22 3.05848956757502e+16 3.33710718476048e+16 
7.72678108985557e-08 3.77000000000000e+02 2.26358962490848e+22 4.36926279199945e+16 4.76729218930340e+16 
3.09071243826026e-07 3.77000000000000e+02 2.26356936675394e+22 1.74765884071299e+17 1.90689500363504e+17 
5.40874676753497e-07 3.77000000000000e+02 2.26354910917151e+22 3.05834512690170e+17 3.33703891607705e+17 
7.72678109680967e-07 3.77000000000000e+02 2.26352885217202e+22 4.36898426337698e+17 4.76716054166555e+17 
3.09071243895567e-06 3.77000000000000e+02 2.26332633244044e+22 1.74713103523403e+18 1.90664546808542e+18 
5.40874676823038e-06 3.77000000000000e+02 2.26312386991136e+22 3.05690097854455e+18 3.33635616291607e+18 
7.72678109750508e-06 3.77000000000000e+02 2.26292146565251e+22 4.36619967326296e+18 4.76584395045994e+18 
3.09071243902521e-05 3.77000000000000e+02 2.26090052700551e+22 1.74340927839176e+19 1.90488306692378e+19 
5.40874676829992e-05 3.77000000000000e+02 2.25888536933456e+22 3.04552606199816e+19 3.33096484161568e+19 
7.72678109757462e-05 3.77000000000000e+02 2.25687602506402e+22 4.34294644294097e+19 4.75481262080636e+19 
1.00448154268493e-04 3.77000000000000e+02 2.25487249984028e+22 5.63566832355462e+19 6.17641930706221e+19 
3.32251587195964e-04 3.77000000000000e+02 2.23515436442645e+22 1.83077128038036e+20 2.02686011742285e+20 
5.64055020123434e-04 3.77000000000000e+02 2.21600827916373e+22 3.05207026698301e+20 3.41347919676165e+20 
7.95858453050904e-04 3.77000000000000e+02 2.19742547433043e+22 4.22839797416525e+20 4.77738474905609e+20 
1.02766188597837e-03 3.77000000000000e+02 2.17939639752446e+22 5.36075728639084e+20 6.11848148579955e+20 
1.90465928042612e-03 3.77000000000000e+02 2.11601866161760e+22 9.26510493946959e+20 1.09853333610138e+21 
2.78165667487387e-03 3.77000000000000e+02 2.05985170740048e+22 1.26123159555480e+21 1.55243021722829e+21 
3.65865406932162e-03 3.77000000000000e+02 2.01029931763529e+22 1.54604514203006e+21 1.97385091958151e+21 
4.53565146376937e-03 3.77000000000000e+02 1.96675787123312e+22 1.78663886311174e+21 2.36349240546172e+21 
5.41264885821712e-03 3.77000000000000e+02 1.92863590499811e+22 1.98842535069057e+21 2.72235875500430e+21 
7.54832377025317e-03 3.77000000000000e+02 1.85513231157633e+22 2.34675510109727e+21 3.47577112262646e+21 
9.68399868228922e-03 3.77000000000000e+02 1.80329791463058e+22 2.56546580902850e+21 4.07503764567942e+21 
1.18196735943253e-02 3.77000000000000e+02 1.76721674273739e+22 2.69201210283832e+21 4.54356849592448e+21 
1.39553485063613e-02 3.77000000000000e+02 1.74238408047313e+22 2.75959359968351e+21 4.90505874752055e+21 
1.60910234183974e-02 3.77000000000000e+02 1.72549276170210e+22 2.79053139343225e+21 5.18100953544482e+21 
1.83617160459528e-02 3.77000000000000e+02 1.71355569786136e+22 2.79971940407445e+21 5.40137479097584e+21 
2.06324086735083e-02 3.77000000000000e+02 1.70585485128903e+22 2.79559168372135e+21 5.56364716312852e+21 
2.29031013010638e-02 3.77000000000000e+02 1.70099437345768e+22 2.78529702656310e+21 5.68144603407141e+21 
2.51737939286193e-02 3.77000000000000e+02 1.69799991046173e+22 2.77305609912258e+21 5.76581714887122e+21 
2.74444865561747e-02 3.77000000000000e+02 1.69619941139282e+22 2.76110045621072e+21 5.82573841607291e+21 
2.97151791837302e-02 3.77000000000000e+02 1.69514900289860e+22 2.75043300441346e+21 5.86808148955187e+21 
3.35266446403348e-02 3.77000000000000e+02 1.69437533037049e+22 2.73631148423778e+21 5.91179798046658e+21 
3.73381100969395e-02 3.77000000000000e+02 1.69412212186664e+22 2.72700912001260e+21 5.93546687899669e+21 
4.11495755535441e-02 3.77000000000000e+02 1.69405952089690e+22 2.72112248428383e+21 5.94849216985210e+21 
4.49610410101488e-02 3.77000000000000e+02 1.69409598912529e+22 2.71719181419910e+21 5.95562414545596e+21 
4.87725064667534e-02 3.77000000000000e+02 1.69418505729093e+22 2.71447056597508e+21 5.95928527859223e+21 
5.59653510997597e-02 3.77000000000000e+02 1.69435880650051e+22 2.71170338703307e+21 5.96134465228419e+21 
6.31581957327659e-02 3.77000000000000e+02 1.69444151181837e+22 2.71090662804330e+21 5.96128406390608e+21 
7.03510403657722e-02 3.77000000000000e+02 1.69445987508613e+22 2.71083746805650e+21 5.96105511852385e+21 
7.75438849987784e-02 3.77000000000000e+02 1.69445660360723e+22 2.71089642689371e+21 5.96100263042682e+21 
1.22896262098824e-01 3.77000000000000e+02 1.69445152218121e+22 2.71090924058522e+21 5.96107863156351e+21 
1.68248639198869e-01 3.77000000000000e+02 1.69445139792855e+22 2.71090107265308e+21 5.96109745248030e+21 
2.13601016298914e-01 3.77000000000000e+02 1.69445151247142e+22 2.71089947212082e+21 5.96109836268743e+21 
6.67124787299367e-01 3.77000000000000e+02 1.69445153341631e+22 2.71089944478584e+21 5.96109799845933e+21 
1.12064855829982e+00 3.77000000000000e+02 1.69445153036065e+22 2.71089948318064e+21 5.96109798278286e+21 
1.57417232930027e+00 3.77000000000000e+02 1.69445153025460e+22 2.71089948373897e+21 5.96109798378718e+21 
6.10941003930480e+00 3.77000000000000e+02 1.69445153026147e+22 2.71089948365618e+21 5.96109798381550e+21 
1.06446477493093e+01 3.77000000000000e+02 1.69445153026171e+22 2.71089948365526e+21 5.96109798381212e+21 
1.51798854593139e+01 3.77000000000000e+02 1.69445153026172e+22 2.71089948365529e+21 5.96109798381213e+21 
1.92615993983179e+01 3.77000000000000e+02 1.69445153026169e+22 2.71089948365526e+21 5.96109798381206e+21 
2.33433133373220e+01 3.77000000000000e+02 1.69445153026169e+22 2.71089948365526e+21 5.96109798381205e+21 
2.74250272763261e+01 3.77000000000000e+02 1.69445153026168e+22 2.71089948365525e+21 5.96109798381204e+21 
3.96701690933383e+01 3.77000000000000e+02 1.69445153026166e+22 2.71089948365524e+21 5.96109798381199e+21 
5.19153109103505e+01 3.77000000000000e+02 1.69445153026162e+22 2.71089948365519e+21 5.96109798381187e+21 
5.55888534554542e+01 3.77000000000000e+02 1.69445153026160e+22 2.71089948365517e+21 5.96109798381182e+21 
5.92623960005579e+01 3.77000000000000e+02 1.69445153026158e+22 2.71089948365515e+21 5.96109798381176e+21 
6.29359385456616e+01 3.77000000000000e+02 1.69445153026158e+22 2.71089948365515e+21 5.96109798381175e+21 
7.39565661809726e+01 3.77000000000000e+02 1.69445153026164e+22 2.71089948365521e+21 5.96109798381192e+21 
8.49771938162836e+01 3.77000000000000e+02 1.69445153026170e+22 2.71089948365527e+21 5.96109798381209e+21 
9.59978214515946e+01 3.77000000000000e+02 1.69445153026174e+22 2.71089948365531e+21 5.96109798381218e+21 
1.25997821451595e+02 3.77000000000000e+02 1.69445153026175e+22 2.71089948365532e+21 5.96109798381222e+21 
1.55997821451595e+02 3.77000000000000e+02 1.69445153026175e+22 2.71089948365532e+21 5.96109798381223e+21 
1.85997821451595e+02 3.77000000000000e+02 1.69445153026178e+22 2.71089948365535e+21 5.96109798381232e+21 
2.15997821451595e+02 3.77000000000000e+02 1.69445153026182e+22 2.71089948365539e+21 5.96109798381243e+21 
2.45997821451595e+02 3.77000000000000e+02 1.69445153026191e+22 2.71089948365548e+21 5.96109798381266e+21 
2.75997821451595e+02 3.77000000000000e+02 1.69445153026187e+22 2.71089948365545e+21 5.96109798381257e+21 
3.75997821451595e+02 3.77000000000000e+02 1.69445153026217e+22 2.71089948365574e+21 5.96109798381337e+21 
4.75997821451595e+02 3.77000000000000e+02 1.69445153026208e+22 2.71089948365565e+21 5.96109798381314e+21 
5.75997821451595e+02 3.77000000000000e+02 1.69445153026185e+22 2.71089948365542e+21 5.96109798381251e+21 
6.75997821451595e+02 3.77000000000000e+02 1.69445153026161e+22 2.71089948365518e+21 5.96109798381183e+21 
7.75997821451595e+02 3.77000000000000e+02 1.69445153026147e+22 2.71089948365504e+21 5.96109798381145e+21 
8.75997821451595e+02 3.77000000000000e+02 1.69445153026121e+22 2.71089948365478e+21 5.96109798381074e+21 
9.75997821451595e+02 3.77000000000000e+02 1.69445153026137e+22 2.71089948365494e+21 5.96109798381119e+21 
1.00000000000000e+03 3.77000000000000e+02 1.69445153026141e+22 2.71089948365498e+21 5.96109798381128e+21 
