Time(s)              GasTemp(K)           [O2(X)](m^-3)        [O2(a)](m^-3)        [O(3P)](m^-3)       
0.00000000000000e+00 3.77000000000000e+02 2.37141806529022e+23 0.00000000000000e+00 0.00000000000000e+00 
3.85922052416384e-17 3.77000000000000e+02 2.37141806529022e+23 1.65181477315619e+08 6.31290710613477e+08 
7.71844104832768e-17 3.77000000000000e+02 2.37141806529022e+23 3.30362954631238e+08 1.26258142122695e+09 
1.15776615724915e-16 3.77000000000000e+02 2.37141806529021e+23 4.95544431946854e+08 1.89387213184042e+09 
5.01698668141299e-16 3.77000000000000e+02 2.37141806529016e+23 2.14735920510291e+09 8.20677923797464e+09 
8.87620720557683e-16 3.77000000000000e+02 2.37141806529011e+23 3.79917397825884e+09 1.45196863441084e+10 
1.27354277297407e-15 3.77000000000000e+02 2.37141806529007e+23 5.45098875141465e+09 2.08325934502416e+10 
5.13276329713791e-15 3.77000000000000e+02 2.37141806528959e+23 2.19691364829616e+10 8.39616645115291e+10 
8.99198382130175e-15 3.77000000000000e+02 2.37141806528911e+23 3.84872842144960e+10 1.47090735572766e+11 
1.28512043454656e-14 3.77000000000000e+02 2.37141806528862e+23 5.50054319460176e+10 2.10219806633951e+11 
5.14434095871040e-14 3.77000000000000e+02 2.37141806528382e+23 2.20186909260127e+11 8.41510517241354e+11 
9.00356148287424e-14 3.77000000000000e+02 2.37141806527901e+23 3.85368386572977e+11 1.47280122784369e+12 
1.28627820070381e-13 3.77000000000000e+02 2.37141806527420e+23 5.50549863884545e+11 2.10409193844087e+12 
5.14549872486765e-13 3.77000000000000e+02 2.37141806522612e+23 2.20236463688959e+12 8.41699904396763e+12 
9.00471924903149e-13 3.77000000000000e+02 2.37141806517803e+23 3.85417940976874e+12 1.47299061489880e+13 
1.28639397731953e-12 3.77000000000000e+02 2.37141806512995e+23 5.50599418251962e+12 2.10428132534922e+13 
5.14561450148337e-12 3.77000000000000e+02 2.37141806464912e+23 2.20241418989656e+13 8.41718842540332e+13 
9.00483502564721e-12 3.77000000000000e+02 2.37141806416830e+23 3.85422896028219e+13 1.47300955203930e+14 
1.28640555498111e-11 3.77000000000000e+02 2.37141806368747e+23 5.50604372938503e+13 2.10430026102225e+14 
5.14562607914495e-11 3.77000000000000e+02 2.37141805887920e+23 2.20241913097857e+14 8.41720730634971e+14 
9.00484660330879e-11 3.77000000000000e+02 2.37141805407093e+23 3.85423387642903e+14 1.47301143010333e+15 
1.28640671274726e-10 3.77000000000000e+02 2.37141804926267e+23 5.50604860905152e+14 2.10430212441140e+15 
5.14562723691110e-10 3.77000000000000e+02 2.37141800117999e+23 2.20241948289971e+15 8.41720862247249e+15 
9.00484776107494e-10 3.77000000000000e+02 2.37141795309731e+23 3.85423397899771e+15 1.47301146140943e+16 
1.28640682852388e-09 3.77000000000000e+02 2.37141790501464e+23 5.50604834681517e+15 2.10430200896879e+16 
5.14562735268772e-09 3.77000000000000e+02 2.37141742418826e+23 2.20241809619864e+16 8.41720303435800e+16 
9.00484787685156e-09 3.77000000000000e+02 2.37141694336227e+23 3.85423009869988e+16 1.47300989953322e+17 
1.28640684010154e-08 3.77000000000000e+02 2.37141646253665e+23 5.50604081831589e+16 2.10429897959932e+17 
5.14562736426538e-08 3.77000000000000e+02 2.37141165431385e+23 2.20240373633757e+17 8.41714527746154e+17 
9.00484788842922e-08 3.77000000000000e+02 2.37140684612896e+23 3.85419079565889e+17 1.47299409290208e+18 
1.28640684125931e-07 3.77000000000000e+02 2.37140203798272e+23 5.50596501815508e+17 2.10426849742751e+18 
5.14562736542315e-07 3.77000000000000e+02 2.37135395985440e+23 2.20225986258874e+18 8.41656743922437e+18 
9.00484788958699e-07 3.77000000000000e+02 2.37130588552402e+23 3.85379676906102e+18 1.47283597027319e+19 
1.28640684137508e-06 3.77000000000000e+02 2.37125781506719e+23 5.50520451041537e+18 2.10396355861526e+19 
5.14562736553892e-06 3.77000000000000e+02 2.37077731839191e+23 2.20122815015650e+19 8.41248166600964e+19 
9.00484788970276e-06 3.77000000000000e+02 2.37029721107740e+23 3.85061530225230e+19 1.47158536519315e+20 
1.28640684138666e-05 3.77000000000000e+02 2.36981749961417e+23 5.49864131927216e+19 2.10140308826287e+20 
1.67232889380304e-05 3.77000000000000e+02 2.36933818892042e+23 7.14526997944955e+19 2.73069874372370e+20 
5.07421032278861e-05 3.77000000000000e+02 2.36513143190097e+23 2.15914697930536e+20 8.25497281989616e+20 
8.47609175177418e-05 3.77000000000000e+02 2.36095889238271e+23 3.59035608142998e+20 1.37376336521719e+21 
1.18779731807598e-04 3.77000000000000e+02 2.35682300959454e+23 5.00612774268395e+20 1.91778559060003e+21 
1.52798546097453e-04 3.77000000000000e+02 2.35272623572811e+23 6.40442522832909e+20 2.45748086675688e+21 
3.69741557370744e-04 3.77000000000000e+02 2.32765159757041e+23 1.48020967639105e+21 5.79287419117978e+21 
5.86684568644035e-04 3.77000000000000e+02 2.30472472484928e+23 2.20304334713481e+21 8.93258139391902e+21 
8.03627579917325e-04 3.77000000000000e+02 2.28424145453986e+23 2.78537686184146e+21 1.18645684263895e+22 
1.02057059119062e-03 3.77000000000000e+02 2.26629414331777e+23 3.22121701353704e+21 1.45823503674176e+22 
1.23751360246391e-03 3.77000000000000e+02 2.25080736013130e+23 3.51885691615998e+21 1.70844271994640e+22 
1.48003482941291e-03 3.77000000000000e+02 2.23617596225047e+23 3.70953862099940e+21 1.96293433659519e+22 
1.72255605636192e-03 3.77000000000000e+02 2.22402544527790e+23 3.78088148077994e+21 2.19167610409047e+22 
1.96507728331092e-03 3.77000000000000e+02 2.21396692909957e+23 3.76521223202647e+21 2.39598027740780e+22 
2.20759851025992e-03 3.77000000000000e+02 2.20563379500705e+23 3.69124198161138e+21 2.57743700934118e+22 
2.45011973720893e-03 3.77000000000000e+02 2.19870413881112e+23 3.58239171231551e+21 2.73780018711901e+22 
2.69264096415793e-03 3.77000000000000e+02 2.19290735296479e+23 3.45657590544148e+21 2.87889906542044e+22 
3.24007235578438e-03 3.77000000000000e+02 2.18290617353218e+23 3.17117001070218e+21 3.13600383302052e+22 
3.78750374741082e-03 3.77000000000000e+02 2.17585588611285e+23 2.93531215148052e+21 3.32418115325134e+22 
4.19457306462136e-03 3.77000000000000e+02 2.17194476549655e+23 2.79785967800397e+21 3.42989406027261e+22 
4.60164238183190e-03 3.77000000000000e+02 2.16886708078148e+23 2.69111542357905e+21 3.51279660545919e+22 
5.00871169904244e-03 3.77000000000000e+02 2.16643558884485e+23 2.61057677970522e+21 3.57753417296651e+22 
5.41578101625298e-03 3.77000000000000e+02 2.16451567110935e+23 2.55043304897797e+21 3.62796127382201e+22 
5.82285033346352e-03 3.77000000000000e+02 2.16300448998226e+23 2.50536869275080e+21 3.66719776760928e+22 
6.22991965067406e-03 3.77000000000000e+02 2.16181869500492e+23 2.47143643457307e+21 3.69770011879160e+22 
6.87909784554651e-03 3.77000000000000e+02 2.16044414647636e+23 2.43417060676174e+21 3.73264425492507e+22 
7.52827604041895e-03 3.77000000000000e+02 2.15951832062287e+23 2.41031378518812e+21 3.75593213630972e+22 
8.17745423529140e-03 3.77000000000000e+02 2.15889354483788e+23 2.39475424163738e+21 3.77153956071969e+22 
8.82663243016384e-03 3.77000000000000e+02 2.15847264467478e+23 2.38453173141666e+21 3.78200206602576e+22 
9.47581062503629e-03 3.77000000000000e+02 2.15819007874602e+23 2.37792107206142e+21 3.78897551647195e+22 
1.06123240558741e-02 3.77000000000000e+02 2.15791277799565e+23 2.37150004018884e+21 3.79580573785374e+22 
1.17488374867120e-02 3.77000000000000e+02 2.15777589033124e+23 2.36824456205316e+21 3.79919458676923e+22 
1.28853509175498e-02 3.77000000000000e+02 2.15770252461068e+23 2.36646925547412e+21 3.80101696249607e+22 
1.40218643483877e-02 3.77000000000000e+02 2.15766272296380e+23 2.36556139538790e+21 3.80199456745100e+22 
1.51583777792255e-02 3.77000000000000e+02 2.15764290786815e+23 2.36520144702486e+21 3.80246285903666e+22 
1.82545159781758e-02 3.77000000000000e+02 2.15762229915601e+23 2.36478823817655e+21 3.80295767504898e+22 
2.13506541771261e-02 3.77000000000000e+02 2.15762457567071e+23 2.36482478491791e+21 3.80290483540675e+22 
2.44467923760764e-02 3.77000000000000e+02 2.15762727572785e+23 2.36484636587359e+21 3.80284651807272e+22 
2.75429305750267e-02 3.77000000000000e+02 2.15762757285631e+23 2.36481630261234e+21 3.80284658815588e+22 
5.62582024999429e-02 3.77000000000000e+02 2.15762694195275e+23 2.36480419671703e+21 3.80286162740601e+22 
8.49734744248592e-02 3.77000000000000e+02 2.15762684914117e+23 2.36481213711774e+21 3.80286189555751e+22 
1.13688746349775e-01 3.77000000000000e+02 2.15762686667267e+23 2.36480629609880e+21 3.80286271313124e+22 
4.00841465598938e-01 3.77000000000000e+02 2.15762686215171e+23 2.36480645557211e+21 3.80286277165585e+22 
6.87994184848100e-01 3.77000000000000e+02 2.15762685057152e+23 2.36480783041727e+21 3.80286272829060e+22 
9.75146904097263e-01 3.77000000000000e+02 2.15762685358116e+23 2.36480749038666e+21 3.80286273610369e+22 
3.84667409658889e+00 3.77000000000000e+02 2.15762685231965e+23 2.36480762817569e+21 3.80286273377567e+22 
6.71820128908051e+00 3.77000000000000e+02 2.15762685185072e+23 2.36480767361529e+21 3.80286273406489e+22 
9.58972848157213e+00 3.77000000000000e+02 2.15762685179581e+23 2.36480767994026e+21 3.80286273389768e+22 
3.83050004064884e+01 3.77000000000000e+02 2.15762685174176e+23 2.36480768503930e+21 3.80286273395619e+22 
6.70202723314046e+01 3.77000000000000e+02 2.15762685175878e+23 2.36480768338467e+21 3.80286273394582e+22 
9.57355442563208e+01 3.77000000000000e+02 2.15762685174808e+23 2.36480768439024e+21 3.80286273395849e+22 
1.95735544256321e+02 3.77000000000000e+02 2.15762685174907e+23 2.36480768416020e+21 3.80286273395458e+22 
2.95735544256321e+02 3.77000000000000e+02 2.15762685174719e+23 2.36480768412704e+21 3.80286273395327e+22 
3.95735544256321e+02 3.77000000000000e+02 2.15762685174897e+23 2.36480768410608e+21 3.80286273395465e+22 
4.95735544256321e+02 3.77000000000000e+02 2.15762685175066e+23 2.36480768410836e+21 3.80286273395481e+22 
5.95735544256321e+02 3.77000000000000e+02 2.15762685175003e+23 2.36480768410569e+21 3.80286273395411e+22 
6.95735544256321e+02 3.77000000000000e+02 2.15762685174940e+23 2.36480768410594e+21 3.80286273395423e+22 
7.95735544256321e+02 3.77000000000000e+02 2.15762685174936e+23 2.36480768410566e+21 3.80286273395421e+22 
8.95735544256321e+02 3.77000000000000e+02 2.15762685174833e+23 2.36480768410630e+21 3.80286273395337e+22 
9.27014880979425e+02 3.77000000000000e+02 2.15762685174866e+23 2.36480768410586e+21 3.80286273395375e+22 
9.58294217702528e+02 3.77000000000000e+02 2.15762685174842e+23 2.36480768410589e+21 3.80286273395361e+22 
9.89573554425632e+02 3.77000000000000e+02 2.15762685174812e+23 2.36480768410593e+21 3.80286273395345e+22 
1.00000000000000e+03 3.77000000000000e+02 2.15762685174800e+23 2.36480768410594e+21 3.80286273395338e+22 
