Time(s)              GasTemp(K)           [O2(X)](m^-3)        [O2(a)](m^-3)        [O(3P)](m^-3)       
0.00000000000000e+00 3.77000000000000e+02 2.42296938539417e+22 0.00000000000000e+00 0.00000000000000e+00 
1.35910720834738e-16 3.77000000000000e+02 2.42296938539416e+22 6.26224344211692e+07 1.94184080030221e+08 
2.71821441669477e-16 3.77000000000000e+02 2.42296938539414e+22 1.25244868842337e+08 3.88368160060428e+08 
4.07732162504215e-16 3.77000000000000e+02 2.42296938539413e+22 1.87867303263504e+08 5.82552240090622e+08 
1.76683937085160e-15 3.77000000000000e+02 2.42296938539397e+22 8.14091647475052e+08 2.52439304039135e+09 
3.12594657919898e-15 3.77000000000000e+02 2.42296938539381e+22 1.44031599168647e+09 4.46623384069069e+09 
4.48505378754637e-15 3.77000000000000e+02 2.42296938539365e+22 2.06654033589775e+09 6.40807464098863e+09 
1.80761258710202e-14 3.77000000000000e+02 2.42296938539205e+22 8.32878377799887e+09 2.58264826438471e+10 
3.16671979544940e-14 3.77000000000000e+02 2.42296938539045e+22 1.45910272200867e+10 4.52448906465679e+10 
4.52582700379679e-14 3.77000000000000e+02 2.42296938538885e+22 2.08532706621610e+10 6.46632986491484e+10 
1.81168990872706e-13 3.77000000000000e+02 2.42296938537288e+22 8.34757050817357e+10 2.58847378662857e+11 
3.17079711707445e-13 3.77000000000000e+02 2.42296938535691e+22 1.46098139499981e+11 4.53031458662799e+11 
4.52990432542183e-13 3.77000000000000e+02 2.42296938534094e+22 2.08720573916872e+11 6.47215538648714e+11 
1.81209764088957e-12 3.77000000000000e+02 2.42296938518123e+22 8.34944917968965e+11 2.58905633729817e+12 
3.17120484923695e-12 3.77000000000000e+02 2.42296938502151e+22 1.46116926188812e+12 4.53089713457098e+12 
4.53031205758433e-12 3.77000000000000e+02 2.42296938486180e+22 2.08739360567183e+12 6.47273793044107e+12 
1.81213841410582e-11 3.77000000000000e+02 2.42296938326465e+22 8.34963703182743e+12 2.58911457681728e+13 
3.17124562245320e-11 3.77000000000000e+02 2.42296938166751e+22 1.46118804446894e+13 4.53095534682397e+13 
4.53035283080058e-11 3.77000000000000e+02 2.42296938007036e+22 2.08741238440060e+13 6.47279610280353e+13 
1.81214249142744e-10 3.77000000000000e+02 2.42296936409892e+22 8.34965566690287e+13 2.58912024529070e+14 
3.17124969977483e-10 3.77000000000000e+02 2.42296934812747e+22 1.46118988164687e+14 4.53096074263623e+14 
4.53035690812221e-10 3.77000000000000e+02 2.42296933215602e+22 2.08741418305810e+14 6.47280109971048e+14 
1.81214289915960e-09 3.77000000000000e+02 2.42296917244165e+22 8.34965602902743e+14 2.58911925735406e+15 
3.17125010750699e-09 3.77000000000000e+02 2.42296901272736e+22 1.46118965456322e+15 4.53095702809001e+15 
4.53035731585437e-09 3.77000000000000e+02 2.42296885301315e+22 2.08741357077033e+15 6.47279339611572e+15 
1.81214293993282e-08 3.77000000000000e+02 2.42296725587826e+22 8.34964105144042e+15 2.58910361081725e+16 
3.17125014828020e-08 3.77000000000000e+02 2.42296565875159e+22 1.46118552385040e+16 4.53091411566195e+16 
4.53035735662759e-08 3.77000000000000e+02 2.42296406163329e+22 2.08740558803068e+16 6.47271059366378e+16 
1.81214294401014e-07 3.77000000000000e+02 2.42294809117186e+22 8.34948941872608e+16 2.58894657839821e+17 
3.17125015235753e-07 3.77000000000000e+02 2.42293212153163e+22 1.46114403172258e+17 4.53048444477666e+17 
4.53035736070491e-07 3.77000000000000e+02 2.42291615272806e+22 2.08732557707616e+17 6.47188206868605e+17 
1.81214294441787e-06 3.77000000000000e+02 2.42275653680388e+22 8.34797320975722e+17 2.58737716388822e+18 
3.17125015276526e-06 3.77000000000000e+02 2.42259700294065e+22 1.46072919073446e+18 4.52619068900348e+18 
4.53035736111264e-06 3.77000000000000e+02 2.42243755260581e+22 2.08652569196847e+18 6.46360438335204e+18 
1.58606860543584e-05 3.77000000000000e+02 2.42111139966112e+22 7.29846997484953e+18 2.25627747114070e+19 
2.71910147476042e-05 3.77000000000000e+02 2.41979096972053e+22 1.25011016423729e+19 3.85661101881428e+19 
3.85213434408499e-05 3.77000000000000e+02 2.41847628145313e+22 1.76943585555542e+19 5.44733617096685e+19 
4.98516721340957e-05 3.77000000000000e+02 2.41716732102309e+22 2.28782298696831e+19 7.02848276822259e+19 
1.55808502653312e-04 3.77000000000000e+02 2.40519501491555e+22 7.09060474952229e+19 2.13675314582028e+20 
2.61765333172529e-04 3.77000000000000e+02 2.39369592083789e+22 1.18128046850840e+20 3.49213197423884e+20 
3.67722163691746e-04 3.77000000000000e+02 2.38264845517090e+22 1.64557018668299e+20 4.77304567128770e+20 
4.73678994210963e-04 3.77000000000000e+02 2.37203103135809e+22 2.10206395961196e+20 5.98354288799198e+20 
1.04738234294977e-03 3.77000000000000e+02 2.32121964400072e+22 4.44406091235078e+20 1.14618264539872e+21 
1.62108569168857e-03 3.77000000000000e+02 2.27968436494162e+22 6.58219412882906e+20 1.54926158328495e+21 
2.19478904042738e-03 3.77000000000000e+02 2.24524743868733e+22 8.53602881548462e+20 1.84723317103949e+21 
2.76849238916618e-03 3.77000000000000e+02 2.21632631559497e+22 1.03233383354995e+21 2.06819372888345e+21 
3.34219573790499e-03 3.77000000000000e+02 2.19176033910740e+22 1.19600247123523e+21 2.23217598326411e+21 
3.96079717266163e-03 3.77000000000000e+02 2.16914692274637e+22 1.35722543737497e+21 2.36199837820509e+21 
4.57939860741827e-03 3.77000000000000e+02 2.14972158850272e+22 1.50416122407403e+21 2.45663348967981e+21 
5.19800004217492e-03 3.77000000000000e+02 2.13284551071090e+22 1.63820269690595e+21 2.52607209985231e+21 
5.81660147693156e-03 3.77000000000000e+02 2.11804264901159e+22 1.76057856875392e+21 2.57737759014247e+21 
6.43520291168820e-03 3.77000000000000e+02 2.10495295698703e+22 1.87237842564185e+21 2.61557171685788e+21 
7.41283484530286e-03 3.77000000000000e+02 2.08712157835685e+22 2.02978416122865e+21 2.65738781828758e+21 
8.39046677891753e-03 3.77000000000000e+02 2.07206036739453e+22 2.16650943773963e+21 2.68516148451187e+21 
9.36809871253219e-03 3.77000000000000e+02 2.05921410414020e+22 2.28538060547957e+21 2.70434441411829e+21 
1.03457306461469e-02 3.77000000000000e+02 2.04820230293812e+22 2.38877765507177e+21 2.71778633897517e+21 
1.13233625797615e-02 3.77000000000000e+02 2.03872785349061e+22 2.47874267412746e+21 2.72734528981387e+21 
1.31933417157241e-02 3.77000000000000e+02 2.02404674760008e+22 2.61941107321064e+21 2.73963060945777e+21 
1.50633208516867e-02 3.77000000000000e+02 2.01284011245345e+22 2.72731577773572e+21 2.74795390333975e+21 
1.69332999876493e-02 3.77000000000000e+02 2.00427313626717e+22 2.81022044288362e+21 2.75348409676958e+21 
1.88032791236119e-02 3.77000000000000e+02 1.99769906925995e+22 2.87397496622237e+21 2.75745639023661e+21 
2.06732582595745e-02 3.77000000000000e+02 1.99263434113689e+22 2.92298155938327e+21 2.76073776637593e+21 
2.39842685735502e-02 3.77000000000000e+02 1.98643116977603e+22 2.98295342358146e+21 2.76485746519668e+21 
2.72952788875259e-02 3.77000000000000e+02 1.98254323532624e+22 3.02051017203330e+21 2.76750265729644e+21 
3.06062892015017e-02 3.77000000000000e+02 1.98008144728216e+22 3.04433979167933e+21 2.76907917889865e+21 
3.39172995154774e-02 3.77000000000000e+02 1.97851943696881e+22 3.05948910997933e+21 2.77002074857705e+21 
3.72283098294531e-02 3.77000000000000e+02 1.97753442292250e+22 3.06903627997291e+21 2.77062668952316e+21 
4.27239624118651e-02 3.77000000000000e+02 1.97668231617142e+22 3.07728535616237e+21 2.77117067217044e+21 
4.82196149942770e-02 3.77000000000000e+02 1.97628348586731e+22 3.08113793689702e+21 2.77144211679197e+21 
5.37152675766890e-02 3.77000000000000e+02 1.97607454620004e+22 3.08316074909898e+21 2.77157528574638e+21 
5.92109201591009e-02 3.77000000000000e+02 1.97596538824086e+22 3.08422075837142e+21 2.77163842639588e+21 
6.47065727415129e-02 3.77000000000000e+02 1.97591612069576e+22 3.08469846818243e+21 2.77166835768127e+21 
8.01389866182222e-02 3.77000000000000e+02 1.97586807836121e+22 3.08516315316039e+21 2.77169983442361e+21 
9.55714004949314e-02 3.77000000000000e+02 1.97587940222829e+22 3.08505304923473e+21 2.77169356492256e+21 
1.11003814371641e-01 3.77000000000000e+02 1.97588664338673e+22 3.08498300221385e+21 2.77168883578543e+21 
1.26436228248350e-01 3.77000000000000e+02 1.97588630989423e+22 3.08498628327778e+21 2.77168894350326e+21 
2.63627489714377e-01 3.77000000000000e+02 1.97588425258831e+22 3.08500619820500e+21 2.77169025976135e+21 
4.00818751180403e-01 3.77000000000000e+02 1.97588414242803e+22 3.08500726351332e+21 2.77169033235111e+21 
5.38010012646430e-01 3.77000000000000e+02 1.97588415378621e+22 3.08500715359595e+21 2.77169032502249e+21 
1.90992262730670e+00 3.77000000000000e+02 1.97588415563953e+22 3.08500713566091e+21 2.77169032382661e+21 
3.28183524196696e+00 3.77000000000000e+02 1.97588415554508e+22 3.08500713657528e+21 2.77169032388675e+21 
4.65374785662723e+00 3.77000000000000e+02 1.97588415554245e+22 3.08500713660076e+21 2.77169032388859e+21 
1.83728740032299e+01 3.77000000000000e+02 1.97588415554257e+22 3.08500713660002e+21 2.77169032388858e+21 
3.20920001498326e+01 3.77000000000000e+02 1.97588415554267e+22 3.08500713660014e+21 2.77169032388872e+21 
4.58111262964352e+01 3.77000000000000e+02 1.97588415554282e+22 3.08500713660033e+21 2.77169032388892e+21 
1.45811126296435e+02 3.77000000000000e+02 1.97588415554298e+22 3.08500713660056e+21 2.77169032388914e+21 
2.45811126296435e+02 3.77000000000000e+02 1.97588415554348e+22 3.08500713660124e+21 2.77169032388981e+21 
3.45811126296435e+02 3.77000000000000e+02 1.97588415554309e+22 3.08500713660069e+21 2.77169032388928e+21 
4.45811126296435e+02 3.77000000000000e+02 1.97588415554279e+22 3.08500713660030e+21 2.77169032388888e+21 
5.45811126296435e+02 3.77000000000000e+02 1.97588415554180e+22 3.08500713659895e+21 2.77169032388754e+21 
6.45811126296435e+02 3.77000000000000e+02 1.97588415554141e+22 3.08500713659843e+21 2.77169032388702e+21 
7.45811126296435e+02 3.77000000000000e+02 1.97588415554182e+22 3.08500713659899e+21 2.77169032388757e+21 
8.45811126296435e+02 3.77000000000000e+02 1.97588415554189e+22 3.08500713659906e+21 2.77169032388766e+21 
9.45811126296435e+02 3.77000000000000e+02 1.97588415554002e+22 3.08500713659650e+21 2.77169032388512e+21 
1.00000000000000e+03 3.77000000000000e+02 1.97588415554049e+22 3.08500713659717e+21 2.77169032388577e+21 
