Time(s)              GasTemp(K)           [O2(X)](m^-3)        [O2(a)](m^-3)        [O(3P)](m^-3)       
0.00000000000000e+00 3.77000000000000e+02 1.18238581658513e+23 0.00000000000000e+00 0.00000000000000e+00 
6.66386078909301e-17 3.77000000000000e+02 1.18238581658513e+23 6.86544656519588e+07 4.85785979903491e+08 
1.33277215781860e-16 3.77000000000000e+02 1.18238581658513e+23 1.37308931303917e+08 9.71571959806971e+08 
1.99915823672790e-16 3.77000000000000e+02 1.18238581658512e+23 2.05963396955875e+08 1.45735793971044e+09 
8.66301902582092e-16 3.77000000000000e+02 1.18238581658509e+23 8.92508053475395e+08 6.31521773874416e+09 
1.53268798149139e-15 3.77000000000000e+02 1.18238581658506e+23 1.57905270999485e+09 1.11730775377768e+10 
2.19907406040069e-15 3.77000000000000e+02 1.18238581658503e+23 2.26559736651425e+09 1.60309373368083e+10 
8.86293484949371e-15 3.77000000000000e+02 1.18238581658472e+23 9.13104393170276e+09 6.46095353270263e+10 
1.55267956385867e-14 3.77000000000000e+02 1.18238581658441e+23 1.59964904968851e+10 1.13188133317134e+11 
2.21906564276797e-14 3.77000000000000e+02 1.18238581658410e+23 2.28619370620611e+10 1.61766731307130e+11 
8.88292643186099e-14 3.77000000000000e+02 1.18238581658098e+23 9.15164027132767e+10 6.47552711197397e+11 
1.55467872209540e-13 3.77000000000000e+02 1.18238581657786e+23 1.60170868363873e+11 1.13333869107664e+12 
2.22106480100470e-13 3.77000000000000e+02 1.18238581657475e+23 2.28825334013838e+11 1.61912467094465e+12 
8.88492559009771e-13 3.77000000000000e+02 1.18238581654359e+23 9.15369990459044e+11 6.47698446865602e+12 
1.55487863791907e-12 3.77000000000000e+02 1.18238581651244e+23 1.60191464684229e+12 1.13348442652649e+13 
2.22126471682837e-12 3.77000000000000e+02 1.18238581648128e+23 2.28845930316242e+12 1.61927040607506e+13 
8.88512550592139e-12 3.77000000000000e+02 1.18238581616974e+23 9.15390586091948e+12 6.47713019187332e+13 
1.55489862950144e-11 3.77000000000000e+02 1.18238581585819e+23 1.60193524124810e+13 1.13349899666472e+14 
2.22128470841074e-11 3.77000000000000e+02 1.18238581554664e+23 2.28847989577297e+13 1.61928497301880e+14 
8.88514549750376e-11 3.77000000000000e+02 1.18238581243117e+23 9.15392638658004e+13 6.47714463968607e+14 
1.55490062865968e-10 3.77000000000000e+02 1.18238580931569e+23 1.60193728154317e+14 1.13350041961097e+15 
2.22128670756898e-10 3.77000000000000e+02 1.18238580620022e+23 2.28848191811550e+14 1.61928636402025e+15 
8.88514749666199e-10 3.77000000000000e+02 1.18238577504548e+23 9.15392773942219e+14 6.47714483937772e+15 
1.55490082857550e-09 3.77000000000000e+02 1.18238574389075e+23 1.60193729411739e+15 1.13350022122996e+16 
2.22128690748480e-09 3.77000000000000e+02 1.18238571273602e+23 2.28848175116394e+15 1.61928584619131e+16 
8.88514769657782e-09 3.77000000000000e+02 1.18238540118930e+23 9.15392087741934e+15 6.47713240847284e+16 
1.55490084856708e-08 3.77000000000000e+02 1.18238508964320e+23 1.60193538080142e+16 1.13349679464215e+17 
2.22128692747638e-08 3.77000000000000e+02 1.18238477809772e+23 2.28847804255751e+16 1.61927922513451e+17 
8.88514771656940e-08 3.77000000000000e+02 1.18238166269678e+23 9.15385021355277e+16 6.47700665886080e+17 
1.55490085056624e-07 3.77000000000000e+02 1.18237854735717e+23 1.60191604169127e+17 1.13346238515842e+18 
2.22128692947554e-07 3.77000000000000e+02 1.18237543208003e+23 2.28844074726090e+17 1.61921287198330e+18 
8.88514771856856e-07 3.77000000000000e+02 1.18234428469604e+23 9.15314289113676e+17 6.47574924056927e+18 
1.55490085076616e-06 3.77000000000000e+02 1.18231314344372e+23 1.60172242561220e+18 1.13311834316704e+19 
2.22128692967546e-06 3.77000000000000e+02 1.18228200843794e+23 2.28806724137896e+18 1.61854949555024e+19 
8.88514771876847e-06 3.77000000000000e+02 1.18197099128832e+23 9.14811448282899e+18 6.46688303966801e+19 
1.55490085078615e-05 3.77000000000000e+02 1.18166059440935e+23 1.60017888170638e+19 1.13040857521541e+20 
2.22128692969545e-05 3.77000000000000e+02 1.18135082175651e+23 2.28489774992709e+19 1.61301010725406e+20 
2.88767300860475e-05 3.77000000000000e+02 1.18104167444187e+23 2.96895933729249e+19 2.09449241905813e+20 
9.55153379769776e-05 3.77000000000000e+02 1.17798446702711e+23 9.77088010088264e+19 6.84852309587585e+20 
1.62153945867908e-04 3.77000000000000e+02 1.17498932903927e+23 1.64992541295215e+20 1.14931242658289e+21 
2.28792553758838e-04 3.77000000000000e+02 1.17205582938146e+23 2.31480132453105e+20 1.60303717582893e+21 
2.95431161649768e-04 3.77000000000000e+02 1.16918348403151e+23 2.97112299259202e+20 2.04624191220543e+21 
6.18856314132238e-04 3.77000000000000e+02 1.15609267761038e+23 6.02031687579261e+20 4.05456441979103e+21 
9.42281466614707e-04 3.77000000000000e+02 1.14435892653113e+23 8.81023198046710e+20 5.84333161470747e+21 
1.26570661909718e-03 3.77000000000000e+02 1.13390063059383e+23 1.13123271889145e+21 7.43457176047642e+21 
1.58913177157965e-03 3.77000000000000e+02 1.12462636506061e+23 1.35165249714587e+21 8.84858531061222e+21 
1.91255692406212e-03 3.77000000000000e+02 1.11643926557186e+23 1.54269742134652e+21 1.01039153599613e+22 
2.40262004653977e-03 3.77000000000000e+02 1.10588610362208e+23 1.77977289832760e+21 1.17403967959556e+22 
2.89268316901742e-03 3.77000000000000e+02 1.09727151094790e+23 1.96001521062752e+21 1.31028307061904e+22 
3.38274629149507e-03 3.77000000000000e+02 1.09028567857280e+23 2.09217726370417e+21 1.42356730750568e+22 
3.87280941397272e-03 3.77000000000000e+02 1.08465458064927e+23 2.18523860368038e+21 1.51757699798115e+22 
4.36287253645038e-03 3.77000000000000e+02 1.08013463882055e+23 2.24747070302295e+21 1.59552941468707e+22 
5.33443830884373e-03 3.77000000000000e+02 1.07370267881331e+23 2.30625620786740e+21 1.71241151386301e+22 
6.30600408123707e-03 3.77000000000000e+02 1.06961552385694e+23 2.31334243230475e+21 1.79273736810286e+22 
7.27756985363042e-03 3.77000000000000e+02 1.06702085578973e+23 2.29624903074310e+21 1.84804940975937e+22 
8.24913562602377e-03 3.77000000000000e+02 1.06537647749862e+23 2.27042984733439e+21 1.88610081226339e+22 
9.22070139841712e-03 3.77000000000000e+02 1.06433093440269e+23 2.24419961481697e+21 1.91225772068538e+22 
1.03043045771806e-02 3.77000000000000e+02 1.06361522936357e+23 2.21807763474054e+21 1.93179621748297e+22 
1.13879077559440e-02 3.77000000000000e+02 1.06319263072579e+23 2.19640295909653e+21 1.94458312536732e+22 
1.24715109347075e-02 3.77000000000000e+02 1.06294850620324e+23 2.17903792218133e+21 1.95293862320117e+22 
1.35551141134710e-02 3.77000000000000e+02 1.06281098319999e+23 2.16559471307734e+21 1.95837772508703e+22 
1.46387172922344e-02 3.77000000000000e+02 1.06273487758859e+23 2.15558026616180e+21 1.96190272669792e+22 
1.68897425007526e-02 3.77000000000000e+02 1.06268424231225e+23 2.14290501366622e+21 1.96545048272400e+22 
1.91407677092708e-02 3.77000000000000e+02 1.06266821075612e+23 2.13711439890948e+21 1.96692923679767e+22 
2.13917929177890e-02 3.77000000000000e+02 1.06265462361976e+23 2.13446494083635e+21 1.96773087113926e+22 
2.36428181263071e-02 3.77000000000000e+02 1.06264734591572e+23 2.13306749860769e+21 1.96815591366566e+22 
2.58938433348253e-02 3.77000000000000e+02 1.06264729401811e+23 2.13228633082497e+21 1.96831318517438e+22 
3.06042903696900e-02 3.77000000000000e+02 1.06264937905174e+23 2.13166869441208e+21 1.96839501178433e+22 
3.53147374045548e-02 3.77000000000000e+02 1.06265119446449e+23 2.13167103320309e+21 1.96835823577117e+22 
4.00251844394195e-02 3.77000000000000e+02 1.06265141364940e+23 2.13174512309866e+21 1.96833903409382e+22 
4.47356314742842e-02 3.77000000000000e+02 1.06265115458426e+23 2.13176742712468e+21 1.96833975459143e+22 
8.61585174776364e-02 3.77000000000000e+02 1.06265100852383e+23 2.13175401230966e+21 1.96834535876302e+22 
1.27581403480989e-01 3.77000000000000e+02 1.06265102107001e+23 2.13175095978860e+21 1.96834571834368e+22 
1.69004289484341e-01 3.77000000000000e+02 1.06265102380883e+23 2.13175083883285e+21 1.96834568775847e+22 
5.83233149517863e-01 3.77000000000000e+02 1.06265102396525e+23 2.13175085541191e+21 1.96834568131423e+22 
9.97462009551385e-01 3.77000000000000e+02 1.06265102394044e+23 2.13175085639990e+21 1.96834568161280e+22 
1.41169086958491e+00 3.77000000000000e+02 1.06265102393920e+23 2.13175085648264e+21 1.96834568162111e+22 
5.55397946992013e+00 3.77000000000000e+02 1.06265102393920e+23 2.13175085648215e+21 1.96834568162088e+22 
9.69626807025534e+00 3.77000000000000e+02 1.06265102393919e+23 2.13175085648208e+21 1.96834568162085e+22 
1.38385566705906e+01 3.77000000000000e+02 1.06265102393920e+23 2.13175085648208e+21 1.96834568162086e+22 
5.52614426739428e+01 3.77000000000000e+02 1.06265102393934e+23 2.13175085648203e+21 1.96834568162109e+22 
9.66843286772949e+01 3.77000000000000e+02 1.06265102393925e+23 2.13175085648206e+21 1.96834568162095e+22 
1.38107214680647e+02 3.77000000000000e+02 1.06265102393918e+23 2.13175085648208e+21 1.96834568162083e+22 
1.47107214680647e+02 3.77000000000000e+02 1.06265102393917e+23 2.13175085648208e+21 1.96834568162083e+22 
1.56107214680647e+02 3.77000000000000e+02 1.06265102393913e+23 2.13175085648210e+21 1.96834568162076e+22 
1.58807214680647e+02 3.77000000000000e+02 1.06265102393914e+23 2.13175085648209e+21 1.96834568162077e+22 
1.61507214680647e+02 3.77000000000000e+02 1.06265102393913e+23 2.13175085648210e+21 1.96834568162076e+22 
1.64207214680647e+02 3.77000000000000e+02 1.06265102393913e+23 2.13175085648210e+21 1.96834568162076e+22 
1.72307214680647e+02 3.77000000000000e+02 1.06265102393915e+23 2.13175085648209e+21 1.96834568162079e+22 
1.80407214680647e+02 3.77000000000000e+02 1.06265102393913e+23 2.13175085648210e+21 1.96834568162076e+22 
1.88507214680647e+02 3.77000000000000e+02 1.06265102393911e+23 2.13175085648210e+21 1.96834568162073e+22 
1.95797214680647e+02 3.77000000000000e+02 1.06265102393908e+23 2.13175085648211e+21 1.96834568162069e+22 
2.03087214680647e+02 3.77000000000000e+02 1.06265102393909e+23 2.13175085648211e+21 1.96834568162070e+22 
2.10377214680647e+02 3.77000000000000e+02 1.06265102393910e+23 2.13175085648211e+21 1.96834568162071e+22 
2.16938214680647e+02 3.77000000000000e+02 1.06265102393911e+23 2.13175085648210e+21 1.96834568162073e+22 
2.23499214680647e+02 3.77000000000000e+02 1.06265102393911e+23 2.13175085648210e+21 1.96834568162073e+22 
2.30060214680647e+02 3.77000000000000e+02 1.06265102393911e+23 2.13175085648210e+21 1.96834568162073e+22 
2.95670214680647e+02 3.77000000000000e+02 1.06265102393922e+23 2.13175085648207e+21 1.96834568162089e+22 
3.61280214680647e+02 3.77000000000000e+02 1.06265102393946e+23 2.13175085648200e+21 1.96834568162128e+22 
4.26890214680647e+02 3.77000000000000e+02 1.06265102393942e+23 2.13175085648201e+21 1.96834568162122e+22 
5.26890214680647e+02 3.77000000000000e+02 1.06265102393960e+23 2.13175085648196e+21 1.96834568162150e+22 
6.26890214680647e+02 3.77000000000000e+02 1.06265102393927e+23 2.13175085648205e+21 1.96834568162099e+22 
7.26890214680647e+02 3.77000000000000e+02 1.06265102393891e+23 2.13175085648216e+21 1.96834568162041e+22 
8.26890214680647e+02 3.77000000000000e+02 1.06265102393881e+23 2.13175085648219e+21 1.96834568162025e+22 
9.26890214680647e+02 3.77000000000000e+02 1.06265102393860e+23 2.13175085648225e+21 1.96834568161993e+22 
1.00000000000000e+03 3.77000000000000e+02 1.06265102393859e+23 2.13175085648226e+21 1.96834568161990e+22 
