Time(s)              GasTemp(K)           [O2(X)](m^-3)        [O2(a)](m^-3)        [O(3P)](m^-3)       
0.00000000000000e+00 3.77000000000000e+02 1.20934861433794e+23 0.00000000000000e+00 0.00000000000000e+00 
4.51370352015342e-17 3.77000000000000e+02 1.20934861433794e+23 1.37704374760153e+08 4.35493443607912e+08 
9.02740704030685e-17 3.77000000000000e+02 1.20934861433793e+23 2.75408749520305e+08 8.70986887215814e+08 
1.35411105604603e-16 3.77000000000000e+02 1.20934861433793e+23 4.13113124280456e+08 1.30648033082370e+09 
5.86781457619945e-16 3.77000000000000e+02 1.20934861433789e+23 1.79015687188189e+09 5.66141476690164e+09 
1.03815180963529e-15 3.77000000000000e+02 1.20934861433786e+23 3.16720061948322e+09 1.00163492029785e+10 
1.48952216165063e-15 3.77000000000000e+02 1.20934861433782e+23 4.54424436708446e+09 1.43712836390542e+10 
6.00322568180405e-15 3.77000000000000e+02 1.20934861433747e+23 1.83146818430887e+10 5.79206279997142e+10 
1.05169292019575e-14 3.77000000000000e+02 1.20934861433711e+23 3.20851193190836e+10 1.01469972360264e+11 
1.50306327221109e-14 3.77000000000000e+02 1.20934861433676e+23 4.58555567950689e+10 1.45019316720701e+11 
6.01676679236452e-14 3.77000000000000e+02 1.20934861433320e+23 1.83559931554102e+11 5.80512760315378e+11 
1.05304703125179e-13 3.77000000000000e+02 1.20934861432965e+23 3.21264306312203e+11 1.01600620389902e+12 
1.50441738326714e-13 3.77000000000000e+02 1.20934861432609e+23 4.58968681069352e+11 1.45149964747142e+12 
6.01812090342056e-13 3.77000000000000e+02 1.20934861429055e+23 1.83601242855883e+12 5.80643408222577e+12 
1.05318244235740e-12 3.77000000000000e+02 1.20934861425500e+23 3.21305617595498e+12 1.01613685158767e+13 
1.50455279437274e-12 3.77000000000000e+02 1.20934861421946e+23 4.59009992325602e+12 1.45163029484032e+13 
6.01825631452617e-12 3.77000000000000e+02 1.20934861386401e+23 1.83605373880652e+13 5.80656471767053e+13 
1.05319598346796e-11 3.77000000000000e+02 1.20934861350855e+23 3.21309748435411e+13 1.01614991294662e+14 
1.50456633548330e-11 3.77000000000000e+02 1.20934861315310e+23 4.59014122895070e+13 1.45164335300183e+14 
6.01826985563673e-11 3.77000000000000e+02 1.20934860959859e+23 1.83605785929034e+14 5.80657765659067e+14 
1.05319733757902e-10 3.77000000000000e+02 1.20934860604408e+23 3.21310158635237e+14 1.01615118498338e+15 
1.50456768959436e-10 3.77000000000000e+02 1.20934860248957e+23 4.59014530390444e+14 1.45164459306419e+15 
6.01827120974778e-10 3.77000000000000e+02 1.20934856694447e+23 1.83605816592919e+15 5.80657770423943e+15 
1.05319747299012e-09 3.77000000000000e+02 1.20934853139937e+23 3.21310170813545e+15 1.01615097119575e+16 
1.50456782500546e-09 3.77000000000000e+02 1.20934849585428e+23 4.59014515524204e+15 1.45164405953264e+16 
6.01827134515889e-09 3.77000000000000e+02 1.20934814040396e+23 1.83605714249303e+16 5.80656524659052e+16 
1.05319748653123e-08 3.77000000000000e+02 1.20934778495429e+23 3.21309883612586e+16 1.01614753990897e+17 
1.50456783854657e-08 3.77000000000000e+02 1.20934742950527e+23 4.59013957874442e+16 1.45163743081406e+17 
6.01827135870000e-08 3.77000000000000e+02 1.20934387507175e+23 1.83604649867014e+17 5.80643937855725e+17 
1.05319748788534e-07 3.77000000000000e+02 1.20934032070274e+23 3.21306970499685e+17 1.01611309819920e+18 
1.50456783990068e-07 3.77000000000000e+02 1.20933676639946e+23 4.59008339942902e+17 1.45157101552956e+18 
6.01827136005411e-07 3.77000000000000e+02 1.20930122903444e+23 1.83593997163859e+18 5.80518075606073e+18 
1.05319748802075e-06 3.77000000000000e+02 1.20926569812055e+23 3.21277814778804e+18 1.01576871813875e+19 
1.50456784003610e-06 3.77000000000000e+02 1.20923017377893e+23 4.58952102998440e+18 1.45090697409030e+19 
6.01827136018952e-06 3.77000000000000e+02 1.20887528074466e+23 1.83518437731977e+19 5.79630311084887e+19 
1.05319748803429e-05 3.77000000000000e+02 1.20852104069784e+23 3.21046151549619e+19 1.01305497709367e+20 
1.50456784004964e-05 3.77000000000000e+02 1.20816745811446e+23 4.58476990949923e+19 1.44535846504952e+20 
1.95593819206498e-05 3.77000000000000e+02 1.20781453449024e+23 5.95809994875658e+19 1.87653970563684e+20 
6.46964171221840e-05 3.77000000000000e+02 1.20432151759498e+23 1.96349922899760e+20 6.12719502791835e+20 
1.09833452323718e-04 3.77000000000000e+02 1.20089424283453e+23 3.32060915832022e+20 1.02675246901842e+21 
1.54970487525253e-04 3.77000000000000e+02 1.19753250009492e+23 4.66652179141929e+20 1.42991849032023e+21 
2.00107522726787e-04 3.77000000000000e+02 1.19423600277001e+23 6.00063264014060e+20 1.82239578555779e+21 
3.99378862825718e-04 3.77000000000000e+02 1.18045064564608e+23 1.17372793545103e+21 3.43213786746875e+21 
5.98650202924649e-04 3.77000000000000e+02 1.16788342008028e+23 1.71967784992971e+21 4.85368315167313e+21 
7.97921543023580e-04 3.77000000000000e+02 1.15647491293750e+23 2.23539102042274e+21 6.10395823924291e+21 
9.97192883122511e-04 3.77000000000000e+02 1.14615342265742e+23 2.71960570509227e+21 7.19982692591856e+21 
1.19646422322144e-03 3.77000000000000e+02 1.13684025361652e+23 3.17204946247728e+21 8.15757321932925e+21 
1.59246496564961e-03 3.77000000000000e+02 1.12100356240706e+23 3.97986936837263e+21 9.70927164943046e+21 
1.98846570807778e-03 3.77000000000000e+02 1.10821092884954e+23 4.67300940226439e+21 1.08815182931518e+22 
2.38446645050594e-03 3.77000000000000e+02 1.09789892183420e+23 5.26361241006322e+21 1.17627136806216e+22 
2.78046719293411e-03 3.77000000000000e+02 1.08958237796713e+23 5.76539691503452e+21 1.24224534440945e+22 
3.17646793536228e-03 3.77000000000000e+02 1.08286005702797e+23 6.19157570156321e+21 1.29145600588682e+22 
3.73609776454470e-03 3.77000000000000e+02 1.07547282004825e+23 6.68727562097683e+21 1.34006076159864e+22 
4.29572759372712e-03 3.77000000000000e+02 1.06991640856929e+23 7.08327969508711e+21 1.37198817635599e+22 
4.85535742290955e-03 3.77000000000000e+02 1.06568564967355e+23 7.40149161951350e+21 1.39296096938581e+22 
5.41498725209197e-03 3.77000000000000e+02 1.06243200394189e+23 7.65859470956838e+21 1.40661326600819e+22 
5.97461708127440e-03 3.77000000000000e+02 1.05990554408504e+23 7.86744937160719e+21 1.41537153073752e+22 
6.83959875970202e-03 3.77000000000000e+02 1.05702539361641e+23 8.11749275323363e+21 1.42296586378494e+22 
7.70458043812964e-03 3.77000000000000e+02 1.05496905324610e+23 8.30349455848642e+21 1.42689231014099e+22 
8.56956211655726e-03 3.77000000000000e+02 1.05346814286053e+23 8.44325714224189e+21 1.42895800110175e+22 
9.43454379498488e-03 3.77000000000000e+02 1.05237423793969e+23 8.54826952732535e+21 1.42983362250228e+22 
1.02995254734125e-02 3.77000000000000e+02 1.05157878426650e+23 8.62712987697913e+21 1.42997062603540e+22 
1.19881581965366e-02 3.77000000000000e+02 1.05057579018912e+23 8.72937707899650e+21 1.42958106717990e+22 
1.36767909196607e-02 3.77000000000000e+02 1.05000654719618e+23 8.78892145489271e+21 1.42905705185918e+22 
1.53654236427849e-02 3.77000000000000e+02 1.04962585957270e+23 8.82675592677176e+21 1.42910390995294e+22 
1.70540563659090e-02 3.77000000000000e+02 1.04935491528958e+23 8.85166914029925e+21 1.42954015291063e+22 
1.87426890890331e-02 3.77000000000000e+02 1.04920168786200e+23 8.86617566702582e+21 1.42970339611779e+22 
2.17934126394144e-02 3.77000000000000e+02 1.04911305783524e+23 8.87858470543857e+21 1.42899418897109e+22 
2.48441361897957e-02 3.77000000000000e+02 1.04908940444851e+23 8.88177678497242e+21 1.42882884079912e+22 
2.78948597401769e-02 3.77000000000000e+02 1.04908156247633e+23 8.88208129703134e+21 1.42892477783131e+22 
3.09455832905582e-02 3.77000000000000e+02 1.04908044817576e+23 8.88182481706637e+21 1.42899835983593e+22 
4.75828988571884e-02 3.77000000000000e+02 1.04908195073260e+23 8.88161390745672e+21 1.42901049062119e+22 
6.42202144238186e-02 3.77000000000000e+02 1.04908205874053e+23 8.88162459367934e+21 1.42900619321821e+22 
8.08575299904487e-02 3.77000000000000e+02 1.04908198365684e+23 8.88163526789861e+21 1.42900556004816e+22 
2.47230685656750e-01 3.77000000000000e+02 1.04908196008998e+23 8.88163768459678e+21 1.42900554804582e+22 
4.13603841323052e-01 3.77000000000000e+02 1.04908196309764e+23 8.88163733244334e+21 1.42900555832319e+22 
5.79976996989354e-01 3.77000000000000e+02 1.04908196327142e+23 8.88163731412982e+21 1.42900555851040e+22 
2.24370855365237e+00 3.77000000000000e+02 1.04908196326368e+23 8.88163731499042e+21 1.42900555849307e+22 
3.90744011031539e+00 3.77000000000000e+02 1.04908196326301e+23 8.88163731505967e+21 1.42900555849257e+22 
5.57117166697841e+00 3.77000000000000e+02 1.04908196326300e+23 8.88163731505948e+21 1.42900555849256e+22 
2.22084872336086e+01 3.77000000000000e+02 1.04908196326296e+23 8.88163731505941e+21 1.42900555849252e+22 
3.88458028002388e+01 3.77000000000000e+02 1.04908196326306e+23 8.88163731505952e+21 1.42900555849262e+22 
5.54831183668689e+01 3.77000000000000e+02 1.04908196326298e+23 8.88163731505943e+21 1.42900555849254e+22 
1.55483118366869e+02 3.77000000000000e+02 1.04908196326269e+23 8.88163731505913e+21 1.42900555849226e+22 
2.55483118366869e+02 3.77000000000000e+02 1.04908196326227e+23 8.88163731505868e+21 1.42900555849186e+22 
3.55483118366869e+02 3.77000000000000e+02 1.04908196326194e+23 8.88163731505833e+21 1.42900555849154e+22 
4.55483118366869e+02 3.77000000000000e+02 1.04908196326242e+23 8.88163731505884e+21 1.42900555849200e+22 
5.55483118366869e+02 3.77000000000000e+02 1.04908196326191e+23 8.88163731505830e+21 1.42900555849151e+22 
6.55483118366869e+02 3.77000000000000e+02 1.04908196326183e+23 8.88163731505821e+21 1.42900555849143e+22 
7.55483118366869e+02 3.77000000000000e+02 1.04908196326214e+23 8.88163731505854e+21 1.42900555849173e+22 
8.55483118366869e+02 3.77000000000000e+02 1.04908196326240e+23 8.88163731505882e+21 1.42900555849198e+22 
9.55483118366869e+02 3.77000000000000e+02 1.04908196326207e+23 8.88163731505847e+21 1.42900555849166e+22 
9.68838182856808e+02 3.77000000000000e+02 1.04908196326205e+23 8.88163731505845e+21 1.42900555849165e+22 
9.82193247346748e+02 3.77000000000000e+02 1.04908196326205e+23 8.88163731505845e+21 1.42900555849165e+22 
9.95548311836687e+02 3.77000000000000e+02 1.04908196326204e+23 8.88163731505844e+21 1.42900555849164e+22 
1.00000000000000e+03 3.77000000000000e+02 1.04908196326206e+23 8.88163731505846e+21 1.42900555849165e+22 
