Time(s)              GasTemp(K)           [O2(X)](m^-3)        [O2(a)](m^-3)        [O(3P)](m^-3)       
0.00000000000000e+00 3.77000000000000e+02 1.19865699973497e+23 0.00000000000000e+00 0.00000000000000e+00 
4.79986239260570e-17 3.77000000000000e+02 1.19865699973497e+23 1.13455328388873e+08 4.51989894878935e+08 
9.59972478521139e-17 3.77000000000000e+02 1.19865699973497e+23 2.26910656777744e+08 9.03979789757860e+08 
1.43995871778171e-16 3.77000000000000e+02 1.19865699973496e+23 3.40365985166615e+08 1.35596968463677e+09 
6.23982111038740e-16 3.77000000000000e+02 1.19865699973493e+23 1.47491926905521e+09 5.87586863342500e+09 
1.10396835029931e-15 3.77000000000000e+02 1.19865699973489e+23 2.60947255294367e+09 1.03957675822122e+10 
1.58395458955988e-15 3.77000000000000e+02 1.19865699973486e+23 3.74402583683201e+09 1.49156665309983e+10 
6.38381698216557e-15 3.77000000000000e+02 1.19865699973452e+23 1.50895586757042e+10 6.01146560187683e+10 
1.11836793747713e-14 3.77000000000000e+02 1.19865699973418e+23 2.64350915145638e+10 1.05313645506434e+11 
1.59835417673770e-14 3.77000000000000e+02 1.19865699973384e+23 3.77806243534104e+10 1.50512634993995e+11 
6.39821656934339e-14 3.77000000000000e+02 1.19865699973045e+23 1.51235952740763e+11 6.02502529860467e+11 
1.11980789619491e-13 3.77000000000000e+02 1.19865699972705e+23 2.64691281126847e+11 1.05449242471655e+12 
1.59979413545548e-13 3.77000000000000e+02 1.19865699972366e+23 3.78146609511639e+11 1.50648231956204e+12 
6.39965652806117e-13 3.77000000000000e+02 1.19865699968971e+23 1.51269989324815e+12 6.02638126710399e+12 
1.11995189206669e-12 3.77000000000000e+02 1.19865699965577e+23 2.64725317685788e+12 1.05462802136069e+13 
1.59993813132726e-12 3.77000000000000e+02 1.19865699962182e+23 3.78180646033842e+12 1.50661791590511e+13 
6.39980052393295e-12 3.77000000000000e+02 1.19865699928237e+23 1.51273392840027e+13 6.02651685221923e+13 
1.11996629165386e-11 3.77000000000000e+02 1.19865699894292e+23 2.64728720949883e+13 1.05464157781431e+14 
1.59995253091443e-11 3.77000000000000e+02 1.19865699860347e+23 3.78184048930551e+13 1.50663146934801e+14 
6.39981492352013e-11 3.77000000000000e+02 1.19865699520897e+23 1.51273731759615e+14 6.02653029338392e+14 
1.11996773161258e-10 3.77000000000000e+02 1.19865699181447e+23 2.64729057358302e+14 1.05464290135178e+15 
1.59995397087315e-10 3.77000000000000e+02 1.19865698841997e+23 3.78184381665111e+14 1.50663276277824e+15 
6.39981636347885e-10 3.77000000000000e+02 1.19865695447495e+23 1.51273751332227e+15 6.02653046403213e+15 
1.11996787560845e-09 3.77000000000000e+02 1.19865692052993e+23 2.64729051819196e+15 1.05464271262658e+16 
1.59995411486902e-09 3.77000000000000e+02 1.19865688658493e+23 3.78184339387352e+15 1.50663227298072e+16 
6.39981650747472e-09 3.77000000000000e+02 1.19865654713543e+23 1.51273610095105e+16 6.02651874643177e+16 
1.11996789000804e-08 3.77000000000000e+02 1.19865620768657e+23 2.64728659461853e+16 1.05463948296940e+17 
1.59995412926861e-08 3.77000000000000e+02 1.19865586823838e+23 3.78183579637113e+16 1.50662603260750e+17 
6.39981652187431e-08 3.77000000000000e+02 1.19865247381322e+23 1.51272163935286e+17 6.02640022975773e+17 
1.11996789144800e-07 3.77000000000000e+02 1.19864907945269e+23 2.64724701795437e+17 1.05460705263419e+18 
1.59995413070857e-07 3.77000000000000e+02 1.19864568515802e+23 3.78175947405513e+17 1.50656349582468e+18 
6.39981652331427e-07 3.77000000000000e+02 1.19861174789049e+23 1.51257689735975e+18 6.02521510274926e+18 
1.11996789159200e-06 3.77000000000000e+02 1.19857781708758e+23 2.64685082107063e+18 1.05428278362434e+19 
1.59995413085257e-06 3.77000000000000e+02 1.19854389287144e+23 3.78099518494895e+18 1.50593823363646e+19 
6.39981652345826e-06 3.77000000000000e+02 1.19820500210608e+23 1.51154830319944e+19 6.01685597154869e+19 
1.11996789160640e-05 3.77000000000000e+02 1.19786676655202e+23 2.64369403732458e+19 1.05172755843536e+20 
1.59995413086697e-05 3.77000000000000e+02 1.19752919136326e+23 3.77451443489097e+19 1.50071385644577e+20 
2.07994037012754e-05 3.77000000000000e+02 1.19719227873679e+23 4.90399249299695e+19 1.94864349776862e+20 
6.87980276273323e-05 3.77000000000000e+02 1.19385981565737e+23 1.61200542059979e+20 6.37035731400160e+20 
1.16796651553389e-04 3.77000000000000e+02 1.19059421548214e+23 2.71869072570159e+20 1.06881870542545e+21 
1.64795275479446e-04 3.77000000000000e+02 1.18739586252481e+23 3.80930783145444e+20 1.49036587574239e+21 
2.12793899405503e-04 3.77000000000000e+02 1.18426505233143e+23 4.88275027880866e+20 1.90183942494677e+21 
4.14813149522210e-04 3.77000000000000e+02 1.17182833635320e+23 9.19363463867552e+20 3.52700574861998e+21 
6.16832399638917e-04 3.77000000000000e+02 1.16058115922910e+23 1.31299589674618e+21 4.98917630768195e+21 
8.18851649755624e-04 3.77000000000000e+02 1.15049226581747e+23 1.66596248075866e+21 6.30102182198365e+21 
1.02087089987233e-03 3.77000000000000e+02 1.14150809108195e+23 1.97735550626287e+21 7.47507071807952e+21 
1.22289014998904e-03 3.77000000000000e+02 1.13355942697318e+23 2.24803542550427e+21 8.52344370134906e+21 
1.54142700459063e-03 3.77000000000000e+02 1.12293509657804e+23 2.59783143373524e+21 9.94871776391656e+21 
1.85996385919222e-03 3.77000000000000e+02 1.11436528849969e+23 2.86327784088677e+21 1.11317865652829e+22 
2.17850071379381e-03 3.77000000000000e+02 1.10752838337823e+23 3.05789868443243e+21 1.21099259024835e+22 
2.49703756839540e-03 3.77000000000000e+02 1.10212711954926e+23 3.19537628845658e+21 1.29152234602294e+22 
2.81557442299699e-03 3.77000000000000e+02 1.09789447461249e+23 3.28812427133378e+21 1.35762564818284e+22 
3.41589120706883e-03 3.77000000000000e+02 1.09233719506571e+23 3.37680488504414e+21 1.45103511637633e+22 
4.01620799114067e-03 3.77000000000000e+02 1.08895805155156e+23 3.39715255960851e+21 1.51454845174654e+22 
4.61652477521251e-03 3.77000000000000e+02 1.08693677362198e+23 3.38426034080465e+21 1.55755245409896e+22 
5.21684155928435e-03 3.77000000000000e+02 1.08573789493058e+23 3.35908630227578e+21 1.58656483563273e+22 
5.81715834335620e-03 3.77000000000000e+02 1.08504589791269e+23 3.33116403982996e+21 1.60598922847967e+22 
6.50875984874893e-03 3.77000000000000e+02 1.08463420052598e+23 3.30012793868946e+21 1.62043039644203e+22 
7.20036135414167e-03 3.77000000000000e+02 1.08446354598536e+23 3.27273952806256e+21 1.62932116937980e+22 
7.89196285953440e-03 3.77000000000000e+02 1.08440830186008e+23 3.25122812420158e+21 1.63472833265761e+22 
8.58356436492714e-03 3.77000000000000e+02 1.08439642702730e+23 3.23608618395221e+21 1.63799421736293e+22 
9.27516587031988e-03 3.77000000000000e+02 1.08440084426126e+23 3.22576493039389e+21 1.63997012339541e+22 
9.96676737571261e-03 3.77000000000000e+02 1.08441478369926e+23 3.21835805677678e+21 1.64117270935886e+22 
1.13777096545074e-02 3.77000000000000e+02 1.08443859265554e+23 3.20942495686668e+21 1.64248315021523e+22 
1.27886519333021e-02 3.77000000000000e+02 1.08447426630740e+23 3.20479499090995e+21 1.64269567036936e+22 
1.41995942120968e-02 3.77000000000000e+02 1.08449118846843e+23 3.20330328000215e+21 1.64265556933041e+22 
1.56105364908916e-02 3.77000000000000e+02 1.08449081328079e+23 3.20303866628783e+21 1.64271599582614e+22 
1.70214787696863e-02 3.77000000000000e+02 1.08448718699458e+23 3.20286690379409e+21 1.64282287404911e+22 
1.99914855473891e-02 3.77000000000000e+02 1.08448273060382e+23 3.20278127827010e+21 1.64292912696910e+22 
2.29614923250918e-02 3.77000000000000e+02 1.08448828189127e+23 3.20238746080346e+21 1.64289686471272e+22 
2.59314991027945e-02 3.77000000000000e+02 1.08449194770791e+23 3.20223984710486e+21 1.64285307111887e+22 
2.89015058804972e-02 3.77000000000000e+02 1.08449093640207e+23 3.20234375677336e+21 1.64285251530180e+22 
3.18715126582000e-02 3.77000000000000e+02 1.08448935359469e+23 3.20242618226737e+21 1.64286768635068e+22 
4.13044130234127e-02 3.77000000000000e+02 1.08448923507575e+23 3.20242148726538e+21 1.64287099572984e+22 
5.07373133886254e-02 3.77000000000000e+02 1.08448963235530e+23 3.20239212101157e+21 1.64286892338949e+22 
6.01702137538381e-02 3.77000000000000e+02 1.08448969456364e+23 3.20239190721377e+21 1.64286772198225e+22 
6.96031141190508e-02 3.77000000000000e+02 1.08448965953640e+23 3.20239538778520e+21 1.64286772641287e+22 
1.63932117771178e-01 3.77000000000000e+02 1.08448965308049e+23 3.20239550430268e+21 1.64286783222749e+22 
2.58261121423305e-01 3.77000000000000e+02 1.08448965403524e+23 3.20239540704356e+21 1.64286783258427e+22 
3.52590125075432e-01 3.77000000000000e+02 1.08448965407148e+23 3.20239540514363e+21 1.64286783223952e+22 
1.29588016159670e+00 3.77000000000000e+02 1.08448965406931e+23 3.20239540538145e+21 1.64286783223538e+22 
2.23917019811797e+00 3.77000000000000e+02 1.08448965406920e+23 3.20239540538585e+21 1.64286783223646e+22 
3.18246023463924e+00 3.77000000000000e+02 1.08448965406919e+23 3.20239540538581e+21 1.64286783223646e+22 
1.26153605998519e+01 3.77000000000000e+02 1.08448965406915e+23 3.20239540538583e+21 1.64286783223641e+22 
2.20482609650646e+01 3.77000000000000e+02 1.08448965406909e+23 3.20239540538585e+21 1.64286783223635e+22 
3.14811613302773e+01 3.77000000000000e+02 1.08448965406913e+23 3.20239540538584e+21 1.64286783223638e+22 
5.97798624259154e+01 3.77000000000000e+02 1.08448965406917e+23 3.20239540538582e+21 1.64286783223643e+22 
8.80785635215535e+01 3.77000000000000e+02 1.08448965406920e+23 3.20239540538581e+21 1.64286783223646e+22 
1.16377264617192e+02 3.77000000000000e+02 1.08448965406924e+23 3.20239540538580e+21 1.64286783223650e+22 
1.46377264617192e+02 3.77000000000000e+02 1.08448965406927e+23 3.20239540538579e+21 1.64286783223653e+22 
1.49077264617192e+02 3.77000000000000e+02 1.08448965406927e+23 3.20239540538579e+21 1.64286783223653e+22 
1.51777264617192e+02 3.77000000000000e+02 1.08448965406928e+23 3.20239540538578e+21 1.64286783223655e+22 
1.54477264617192e+02 3.77000000000000e+02 1.08448965406931e+23 3.20239540538577e+21 1.64286783223658e+22 
1.81477264617192e+02 3.77000000000000e+02 1.08448965406943e+23 3.20239540538573e+21 1.64286783223670e+22 
2.08477264617192e+02 3.77000000000000e+02 1.08448965406944e+23 3.20239540538573e+21 1.64286783223671e+22 
2.35477264617192e+02 3.77000000000000e+02 1.08448965406965e+23 3.20239540538565e+21 1.64286783223693e+22 
3.35477264617192e+02 3.77000000000000e+02 1.08448965407010e+23 3.20239540538549e+21 1.64286783223740e+22 
4.35477264617192e+02 3.77000000000000e+02 1.08448965406997e+23 3.20239540538554e+21 1.64286783223726e+22 
5.35477264617192e+02 3.77000000000000e+02 1.08448965407071e+23 3.20239540538527e+21 1.64286783223804e+22 
6.35477264617192e+02 3.77000000000000e+02 1.08448965407098e+23 3.20239540538518e+21 1.64286783223832e+22 
7.35477264617192e+02 3.77000000000000e+02 1.08448965407063e+23 3.20239540538530e+21 1.64286783223796e+22 
8.35477264617192e+02 3.77000000000000e+02 1.08448965407075e+23 3.20239540538526e+21 1.64286783223808e+22 
9.35477264617192e+02 3.77000000000000e+02 1.08448965407181e+23 3.20239540538488e+21 1.64286783223919e+22 
1.00000000000000e+03 3.77000000000000e+02 1.08448965407175e+23 3.20239540538490e+21 1.64286783223913e+22 
