Time(s)              GasTemp(K)           [O2(X)](m^-3)        [O2(a)](m^-3)        [O(3P)](m^-3)       
0.00000000000000e+00 3.77000000000000e+02 4.84261979584897e+22 0.00000000000000e+00 0.00000000000000e+00 
1.10991955859445e-16 3.77000000000000e+02 4.84261979584895e+22 1.36754372014169e+08 2.40966192918235e+08 
2.21983911718890e-16 3.77000000000000e+02 4.84261979584892e+22 2.73508744028335e+08 4.81932385836460e+08 
3.32975867578335e-16 3.77000000000000e+02 4.84261979584889e+22 4.10263116042500e+08 7.22898578754674e+08 
1.44289542617278e-15 3.77000000000000e+02 4.84261979584864e+22 1.77780683618400e+09 3.13256050793591e+09 
2.55281498476723e-15 3.77000000000000e+02 4.84261979584838e+22 3.14535055632534e+09 5.54222243711610e+09 
3.66273454336168e-15 3.77000000000000e+02 4.84261979584812e+22 4.51289427646651e+09 7.95188436629524e+09 
1.47619301293062e-14 3.77000000000000e+02 4.84261979584555e+22 1.81883314778634e+10 3.20485036579955e+10 
2.58611257152507e-14 3.77000000000000e+02 4.84261979584298e+22 3.18637686792436e+10 5.61451229495921e+10 
3.69603213011952e-14 3.77000000000000e+02 4.84261979584040e+22 4.55392058806067e+10 8.02417422410831e+10 
1.47952277160640e-13 3.77000000000000e+02 4.84261979581468e+22 1.82293577892765e+11 3.21207935146882e+11 
2.58944233020085e-13 3.77000000000000e+02 4.84261979578896e+22 3.19047949903249e+11 5.62174128042314e+11 
3.69936188879530e-13 3.77000000000000e+02 4.84261979576323e+22 4.55802321912024e+11 8.03140320927181e+11 
1.47985574747398e-12 3.77000000000000e+02 4.84261979550599e+22 1.82334604185255e+12 3.21280224886483e+12 
2.58977530606843e-12 3.77000000000000e+02 4.84261979524876e+22 3.19088976162552e+12 5.62246417576570e+12 
3.69969486466288e-12 3.77000000000000e+02 4.84261979499152e+22 4.55843348122776e+12 8.03212610161018e+12 
1.47988904506074e-11 3.77000000000000e+02 4.84261979241914e+22 1.82338706625268e+13 3.21287452689517e+13 
2.58980860365519e-11 3.77000000000000e+02 4.84261978984677e+22 3.19093078270704e+13 5.62253643326164e+13 
3.69972816224964e-11 3.77000000000000e+02 4.84261978727439e+22 4.55847449745413e+13 8.03219832906412e+13 
1.47989237481941e-10 3.77000000000000e+02 4.84261976155065e+22 1.82339114976910e+14 3.21288163760567e+14 
2.58981193341386e-10 3.77000000000000e+02 4.84261973582690e+22 3.19093483303734e+14 5.62254333862806e+14 
3.69973149200831e-10 3.77000000000000e+02 4.84261971010316e+22 4.55847849923289e+14 8.03220493401062e+14 
1.47989270779528e-09 3.77000000000000e+02 4.84261945286577e+22 1.82339136888486e+15 3.21288117775176e+15 
2.58981226638973e-09 3.77000000000000e+02 4.84261919562846e+22 3.19093472029189e+15 5.62254082533429e+15 
3.69973182498418e-09 3.77000000000000e+02 4.84261893839121e+22 4.55847790097197e+15 8.03219941651969e+15 
1.47989274109287e-08 3.77000000000000e+02 4.84261636602476e+22 1.82338949843761e+16 3.21286942256032e+16 
2.58981229968732e-08 3.77000000000000e+02 4.84261379366517e+22 3.19092953123092e+16 5.62250853583599e+16 
3.69973185828177e-08 3.77000000000000e+02 4.84261122131257e+22 4.55846785675280e+16 8.03213708525670e+16 
1.47989274442263e-07 3.77000000000000e+02 4.84258549838929e+22 1.82337038781179e+17 3.21275115933471e+17 
2.58981230301708e-07 3.77000000000000e+02 4.84255977615193e+22 3.19087723430563e+17 5.62218493870988e+17 
3.69973186161153e-07 3.77000000000000e+02 4.84253405461343e+22 4.55836700788705e+17 8.03151309117797e+17 
1.47989274475560e-06 3.77000000000000e+02 4.84227689948024e+22 1.82317924166568e+18 3.21156889129242e+18 
2.58981230335005e-06 3.77000000000000e+02 4.84201981291566e+22 3.19035420897887e+18 5.61895024815912e+18 
3.69973186194450e-06 3.77000000000000e+02 4.84176279618123e+22 4.55735842748237e+18 8.02527649971433e+18 
1.45319873436781e-05 3.77000000000000e+02 4.83925798675307e+22 1.78899433542863e+19 3.14562952093741e+19 
2.53642428254116e-05 3.77000000000000e+02 4.83675976268176e+22 3.12063599372933e+19 5.47879434695753e+19 
3.61964983071452e-05 3.77000000000000e+02 4.83426815213184e+22 4.45064832556193e+19 7.80199078313672e+19 
4.70287537888787e-05 3.77000000000000e+02 4.83178315159302e+22 5.77902633878980e+19 1.01152358343176e+20 
1.55351308606214e-04 3.77000000000000e+02 4.80728983529786e+22 1.89725630224151e+20 3.27147950573762e+20 
2.63673863423550e-04 3.77000000000000e+02 4.78343518984761e+22 3.20017742118213e+20 5.43656635790753e+20 
3.71996418240885e-04 3.77000000000000e+02 4.76020113199975e+22 4.48662363752826e+20 7.51048549478597e+20 
4.80318973058221e-04 3.77000000000000e+02 4.73756913571352e+22 5.75657578289218e+20 9.49698046130597e+20 
1.01439754935756e-03 3.77000000000000e+02 4.63420661436194e+22 1.17785936030012e+21 1.81254490914034e+21 
1.54847612565690e-03 3.77000000000000e+02 4.54305528088951e+22 1.74086119458192e+21 2.50956791002536e+21 
2.08255470195623e-03 3.77000000000000e+02 4.46234747938921e+22 2.26615215616811e+21 3.07314201685892e+21 
2.61663327825557e-03 3.77000000000000e+02 4.39058706245884e+22 2.75575838130694e+21 3.52913790518871e+21 
3.15071185455491e-03 3.77000000000000e+02 4.32651409167521e+22 3.21194573335716e+21 3.89822261676090e+21 
3.88890847447794e-03 3.77000000000000e+02 4.24869110358529e+22 3.79174475642888e+21 4.29508433241581e+21 
4.62710509440098e-03 3.77000000000000e+02 4.18120547597047e+22 4.31796289021907e+21 4.59236061713181e+21 
5.36530171432401e-03 3.77000000000000e+02 4.12221690676879e+22 4.79604631329649e+21 4.81596515501049e+21 
6.10349833424704e-03 3.77000000000000e+02 4.07029429962247e+22 5.23092493777225e+21 4.98466004898553e+21 
6.84169495417008e-03 3.77000000000000e+02 4.02430348698427e+22 5.62700158716831e+21 5.11232300295731e+21 
7.95089430039441e-03 3.77000000000000e+02 3.96444165246890e+22 6.15751020758911e+21 5.24854245242307e+21 
9.06009364661874e-03 3.77000000000000e+02 3.91352656966758e+22 6.62057835293195e+21 5.34070781776384e+21 
1.01692929928431e-02 3.77000000000000e+02 3.86982418603198e+22 7.02569232179061e+21 5.40452755275854e+21 
1.12784923390674e-02 3.77000000000000e+02 3.83208833475007e+22 7.38067960981231e+21 5.44927000235334e+21 
1.23876916852917e-02 3.77000000000000e+02 3.79935423059260e+22 7.69214952859674e+21 5.48101224793393e+21 
1.42738555014544e-02 3.77000000000000e+02 3.75308050756162e+22 8.13707810604767e+21 5.51662955365157e+21 
1.61600193176171e-02 3.77000000000000e+02 3.71608041484007e+22 8.49507317454929e+21 5.54064127107935e+21 
1.80461831337798e-02 3.77000000000000e+02 3.68634120314595e+22 8.78375941910878e+21 5.55805301584277e+21 
1.99323469499425e-02 3.77000000000000e+02 3.66246442987298e+22 9.01660911594117e+21 5.56988908763744e+21 
2.18185107661052e-02 3.77000000000000e+02 3.64330566116701e+22 9.20443323166352e+21 5.57741623031220e+21 
2.56389939433462e-02 3.77000000000000e+02 3.61530686010725e+22 9.47940845825632e+21 5.58744179832162e+21 
2.94594771205871e-02 3.77000000000000e+02 3.59706887928630e+22 9.65815109894566e+21 5.59471613333220e+21 
3.32799602978281e-02 3.77000000000000e+02 3.58503992993214e+22 9.77565221353624e+21 5.60029289118136e+21 
3.71004434750690e-02 3.77000000000000e+02 3.57713164257335e+22 9.85294120694448e+21 5.60388065149193e+21 
4.09209266523099e-02 3.77000000000000e+02 3.57198043564708e+22 9.90343172216939e+21 5.60592375953785e+21 
4.69813354942084e-02 3.77000000000000e+02 3.56738326107842e+22 9.94852846892042e+21 5.60767375739154e+21 
5.30417443361069e-02 3.77000000000000e+02 3.56503077527531e+22 9.97156943383528e+21 5.60864154359473e+21 
5.91021531780054e-02 3.77000000000000e+02 3.56374684914727e+22 9.98411312414091e+21 5.60923268549742e+21 
6.51625620199039e-02 3.77000000000000e+02 3.56304983094658e+22 9.99093008454455e+21 5.60953912866299e+21 
7.12229708618024e-02 3.77000000000000e+02 3.56269944334506e+22 9.99436817193399e+21 5.60967070589272e+21 
8.49530165595328e-02 3.77000000000000e+02 3.56236836778719e+22 9.99761257402499e+21 5.60980341284740e+21 
9.86830622572632e-02 3.77000000000000e+02 3.56235528005967e+22 9.99774039075338e+21 5.60980953397105e+21 
1.12413107954994e-01 3.77000000000000e+02 3.56238020565834e+22 9.99749576289712e+21 5.60980027774161e+21 
1.26143153652724e-01 3.77000000000000e+02 3.56238580616858e+22 9.99744086580812e+21 5.60979806173032e+21 
2.62742960853534e-01 3.77000000000000e+02 3.56237786033287e+22 9.99751873452963e+21 5.60980124102589e+21 
3.99342768054344e-01 3.77000000000000e+02 3.56237653349804e+22 9.99753173156095e+21 5.60980178365907e+21 
5.35942575255154e-01 3.77000000000000e+02 3.56237654547268e+22 9.99753161329283e+21 5.60980178070127e+21 
1.90194064726325e+00 3.77000000000000e+02 3.56237657132115e+22 9.99753135990999e+21 5.60980177049624e+21 
3.26793871927135e+00 3.77000000000000e+02 3.56237657157234e+22 9.99753135744830e+21 5.60980177039526e+21 
4.63393679127945e+00 3.77000000000000e+02 3.56237657137563e+22 9.99753135937929e+21 5.60980177046799e+21 
1.82939175113604e+01 3.77000000000000e+02 3.56237657137042e+22 9.99753135942997e+21 5.60980177046989e+21 
3.19538982314414e+01 3.77000000000000e+02 3.56237657137055e+22 9.99753135942695e+21 5.60980177046958e+21 
4.56138789515224e+01 3.77000000000000e+02 3.56237657137072e+22 9.99753135942679e+21 5.60980177046975e+21 
1.45613878951522e+02 3.77000000000000e+02 3.56237657137111e+22 9.99753135942741e+21 5.60980177047027e+21 
2.45613878951522e+02 3.77000000000000e+02 3.56237657137037e+22 9.99753135942617e+21 5.60980177046925e+21 
3.45613878951522e+02 3.77000000000000e+02 3.56237657136989e+22 9.99753135942559e+21 5.60980177046863e+21 
4.45613878951522e+02 3.77000000000000e+02 3.56237657136877e+22 9.99753135942388e+21 5.60980177046712e+21 
5.45613878951522e+02 3.77000000000000e+02 3.56237657136905e+22 9.99753135942446e+21 5.60980177046752e+21 
6.45613878951522e+02 3.77000000000000e+02 3.56237657136806e+22 9.99753135942279e+21 5.60980177046617e+21 
7.45613878951522e+02 3.77000000000000e+02 3.56237657136685e+22 9.99753135942111e+21 5.60980177046456e+21 
8.45613878951522e+02 3.77000000000000e+02 3.56237657136839e+22 9.99753135942361e+21 5.60980177046665e+21 
9.45613878951522e+02 3.77000000000000e+02 3.56237657136773e+22 9.99753135942223e+21 5.60980177046572e+21 
1.00000000000000e+03 3.77000000000000e+02 3.56237657136816e+22 9.99753135942307e+21 5.60980177046633e+21 
