Time(s)              GasTemp(K)           [O2(X)](m^-3)        [O2(a)](m^-3)        [O(3P)](m^-3)       
0.00000000000000e+00 3.77000000000000e+02 2.31980193877860e+22 0.00000000000000e+00 0.00000000000000e+00 
1.66929111004241e-16 3.77000000000000e+02 2.31980193877859e+22 5.47095394684189e+07 1.95050472201115e+08 
3.33858222008482e-16 3.77000000000000e+02 2.31980193877857e+22 1.09419078936837e+08 3.90100944402222e+08 
5.00787333012723e-16 3.77000000000000e+02 2.31980193877856e+22 1.64128618405253e+08 5.85151416603322e+08 
2.17007844305513e-15 3.77000000000000e+02 2.31980193877841e+22 7.11224013089322e+08 2.53565613861365e+09 
3.83936955309754e-15 3.77000000000000e+02 2.31980193877825e+22 1.25831940777328e+09 4.48616086062322e+09 
5.50866066313995e-15 3.77000000000000e+02 2.31980193877810e+22 1.80541480245712e+09 6.43666558263202e+09 
2.22015717635641e-14 3.77000000000000e+02 2.31980193877658e+22 7.27636874928575e+09 2.59417128026534e+10 
3.88944828639882e-14 3.77000000000000e+02 2.31980193877506e+22 1.27473226961032e+10 4.54467600225990e+10 
5.55873939644123e-14 3.77000000000000e+02 2.31980193877353e+22 1.82182766429093e+10 6.49518072424673e+10 
2.22516504968653e-13 3.77000000000000e+02 2.31980193875831e+22 7.29278161099897e+10 2.60002279434490e+11 
3.89445615972894e-13 3.77000000000000e+02 2.31980193874309e+22 1.27637355575954e+11 4.55052751618932e+11 
5.56374726977135e-13 3.77000000000000e+02 2.31980193872786e+22 1.82346895040781e+11 6.50103223795650e+11 
2.22566583701955e-12 3.77000000000000e+02 2.31980193857563e+22 7.29442289590994e+11 2.60060794489673e+12 
3.89495694706196e-12 3.77000000000000e+02 2.31980193842339e+22 1.27653768402961e+12 4.55111266523979e+12 
5.56424805710437e-12 3.77000000000000e+02 2.31980193827116e+22 1.82363307835452e+12 6.50161738481046e+12 
2.22571591575285e-11 3.77000000000000e+02 2.31980193674881e+22 7.29458701179754e+12 2.60066645139072e+13 
3.89500702579526e-11 3.77000000000000e+02 2.31980193522646e+22 1.27655409340811e+13 4.55117115672009e+13 
5.56429813583767e-11 3.77000000000000e+02 2.31980193370412e+22 1.82364948449939e+13 6.50167585432563e+13 
2.22572092362618e-10 3.77000000000000e+02 2.31980191848064e+22 7.29460329735133e+13 2.60067221642819e+14 
3.89501203366859e-10 3.77000000000000e+02 2.31980190325716e+22 1.27655569986085e+14 4.55117677162073e+14 
5.56430314371100e-10 3.77000000000000e+02 2.31980188803369e+22 1.82365105861581e+14 6.50168124957496e+14 
2.22572142441351e-09 3.77000000000000e+02 2.31980173579897e+22 7.29460366555701e+14 2.60067193681292e+15 
3.89501253445592e-09 3.77000000000000e+02 2.31980158356430e+22 1.27655551565507e+15 4.55117499063776e+15 
5.56430364449833e-09 3.77000000000000e+02 2.31980143132968e+22 1.82365055104680e+15 6.50167727208025e+15 
2.22572147449224e-08 3.77000000000000e+02 2.31979990898782e+22 7.29459109888285e+15 2.60066334768937e+16 
3.89501258453465e-08 3.77000000000000e+02 2.31979838665086e+22 1.27655204872281e+16 4.55115138789735e+16 
5.56430369457706e-08 3.77000000000000e+02 2.31979686431890e+22 1.82364385047973e+16 6.50163170435696e+16 
2.22572147950012e-07 3.77000000000000e+02 2.31978164143040e+22 7.29446380748944e+16 2.60057687997103e+17 
3.89501258954253e-07 3.77000000000000e+02 2.31976641903248e+22 1.27651721680319e+17 4.55091479002800e+17 
5.56430369958494e-07 3.77000000000000e+02 2.31975119713443e+22 1.82357668195715e+17 6.50117547011197e+17 
2.22572148000090e-06 3.77000000000000e+02 2.31959902124974e+22 7.29319075335375e+17 2.59971242653708e+18 
3.89501259004331e-06 3.77000000000000e+02 2.31944689440972e+22 1.27616887045022e+18 4.54854963666141e+18 
5.56430370008573e-06 3.77000000000000e+02 2.31929481751929e+22 1.82290494424254e+18 6.49661529785298e+18 
2.22572148005098e-05 3.77000000000000e+02 2.31777670701394e+22 7.28419986563057e+18 2.59362355619952e+19 
3.89501259009339e-05 3.77000000000000e+02 2.31626354459076e+22 1.27341862961282e+19 4.52995111645565e+19 
5.56430370013580e-05 3.77000000000000e+02 2.31475535173202e+22 1.81727786991389e+19 6.45861835333156e+19 
7.23359481017821e-05 3.77000000000000e+02 2.31325212669303e+22 2.35999428912691e+19 8.37963559290074e+19 
2.39265059106023e-04 3.77000000000000e+02 2.29848833495855e+22 7.72407176417507e+19 2.71790641117490e+20 
4.06194170110264e-04 3.77000000000000e+02 2.28420574887661e+22 1.29733331308061e+20 4.52457135423648e+20 
5.73123281114505e-04 3.77000000000000e+02 2.27039155511804e+22 1.81076348630214e+20 6.26054975950733e+20 
7.40052392118746e-04 3.77000000000000e+02 2.25703248332361e+22 2.31270728464569e+20 7.92847652170751e+20 
1.40626182409539e-03 3.77000000000000e+02 2.20799756979092e+22 4.20289692767200e+20 1.39550799421920e+21 
2.07247125607203e-03 3.77000000000000e+02 2.16520835565421e+22 5.91641836417174e+20 1.90858798965353e+21 
2.73868068804867e-03 3.77000000000000e+02 2.12791830066107e+22 7.46186846839138e+20 2.34529906867246e+21 
3.40489012002531e-03 3.77000000000000e+02 2.09545265190573e+22 8.85039566345003e+20 2.71690660476736e+21 
4.07109955200195e-03 3.77000000000000e+02 2.06721524224935e+22 1.00943568766581e+21 3.03286255525349e+21 
5.19647275340235e-03 3.77000000000000e+02 2.02766212983740e+22 1.19025518950878e+21 3.46228579980656e+21 
6.32184595480275e-03 3.77000000000000e+02 1.99643486343513e+22 1.33924561161713e+21 3.78885028363517e+21 
7.44721915620315e-03 3.77000000000000e+02 1.97175328582162e+22 1.46172067600513e+21 4.03753170712937e+21 
8.57259235760355e-03 3.77000000000000e+02 1.95222803854188e+22 1.56230691619948e+21 4.22686417233557e+21 
9.69796555900395e-03 3.77000000000000e+02 1.93676541256330e+22 1.64491817497583e+21 4.37089417435449e+21 
1.13588099212748e-02 3.77000000000000e+02 1.91962633788211e+22 1.74060149129329e+21 4.52230903534325e+21 
1.30196542835457e-02 3.77000000000000e+02 1.90735881778442e+22 1.81248204084468e+21 4.62389833819424e+21 
1.46804986458165e-02 3.77000000000000e+02 1.89850124503704e+22 1.86674249305092e+21 4.69252888872936e+21 
1.63413430080874e-02 3.77000000000000e+02 1.89207889954606e+22 1.90782457449806e+21 4.73881163565467e+21 
1.80021873703582e-02 3.77000000000000e+02 1.88740919009480e+22 1.93900457871528e+21 4.76984581624544e+21 
2.06655929447228e-02 3.77000000000000e+02 1.88242154380403e+22 1.97410299646474e+21 4.79940190656195e+21 
2.33289985190875e-02 3.77000000000000e+02 1.87928968051503e+22 1.99721033391233e+21 4.81582449744685e+21 
2.59924040934521e-02 3.77000000000000e+02 1.87726780272716e+22 2.01265160274041e+21 4.82537951554797e+21 
2.86558096678168e-02 3.77000000000000e+02 1.87598641366139e+22 2.02289127049039e+21 4.83052796136352e+21 
3.13192152421814e-02 3.77000000000000e+02 1.87520067524404e+22 2.02958563108741e+21 4.83285400851643e+21 
3.62993178299285e-02 3.77000000000000e+02 1.87445305220922e+22 2.03650420482339e+21 4.83396932174089e+21 
4.12794204176756e-02 3.77000000000000e+02 1.87412837107427e+22 2.03963363194470e+21 4.83420409019718e+21 
4.62595230054227e-02 3.77000000000000e+02 1.87387402199873e+22 2.04160859194457e+21 4.83534115170835e+21 
5.12396255931698e-02 3.77000000000000e+02 1.87368462047393e+22 2.04296056181676e+21 4.83642524245991e+21 
5.62197281809169e-02 3.77000000000000e+02 1.87364446406356e+22 2.04346084019914e+21 4.83622781390257e+21 
6.72112630684676e-02 3.77000000000000e+02 1.87366492635080e+22 2.04353111549546e+21 4.83567801756505e+21 
7.82027979560182e-02 3.77000000000000e+02 1.87370941098910e+22 2.04324830925367e+21 4.83535393727372e+21 
8.91943328435688e-02 3.77000000000000e+02 1.87372257366055e+22 2.04312428801956e+21 4.83533872630658e+21 
1.00185867731119e-01 3.77000000000000e+02 1.87372124049078e+22 2.04311583204991e+21 4.83538230163974e+21 
1.63528651074806e-01 3.77000000000000e+02 1.87371844218120e+22 2.04313665854731e+21 4.83539661483492e+21 
2.26871434418492e-01 3.77000000000000e+02 1.87371811969506e+22 2.04314056799483e+21 4.83539524566315e+21 
2.90214217762178e-01 3.77000000000000e+02 1.87371811378143e+22 2.04314075431934e+21 4.83539499128690e+21 
9.23642051199039e-01 3.77000000000000e+02 1.87371811923200e+22 2.04314070415147e+21 4.83539498261142e+21 
1.55706988463590e+00 3.77000000000000e+02 1.87371811960228e+22 2.04314069915577e+21 4.83539498519743e+21 
2.19049771807276e+00 3.77000000000000e+02 1.87371811959831e+22 2.04314069917887e+21 4.83539498523037e+21 
8.52477605244137e+00 3.77000000000000e+02 1.87371811959732e+22 2.04314069919006e+21 4.83539498522837e+21 
1.48590543868100e+01 3.77000000000000e+02 1.87371811959731e+22 2.04314069919002e+21 4.83539498522828e+21 
2.11933327211786e+01 3.77000000000000e+02 1.87371811959734e+22 2.04314069919004e+21 4.83539498522835e+21 
4.01961677242844e+01 3.77000000000000e+02 1.87371811959717e+22 2.04314069918994e+21 4.83539498522795e+21 
5.91990027273902e+01 3.77000000000000e+02 1.87371811959715e+22 2.04314069918993e+21 4.83539498522792e+21 
7.82018377304961e+01 3.77000000000000e+02 1.87371811959702e+22 2.04314069918985e+21 4.83539498522762e+21 
1.08201837730496e+02 3.77000000000000e+02 1.87371811959685e+22 2.04314069918975e+21 4.83539498522721e+21 
1.38201837730496e+02 3.77000000000000e+02 1.87371811959682e+22 2.04314069918973e+21 4.83539498522715e+21 
1.68201837730496e+02 3.77000000000000e+02 1.87371811959676e+22 2.04314069918970e+21 4.83539498522702e+21 
1.77201837730496e+02 3.77000000000000e+02 1.87371811959673e+22 2.04314069918968e+21 4.83539498522693e+21 
1.86201837730496e+02 3.77000000000000e+02 1.87371811959667e+22 2.04314069918964e+21 4.83539498522679e+21 
1.95201837730496e+02 3.77000000000000e+02 1.87371811959657e+22 2.04314069918958e+21 4.83539498522656e+21 
2.85201837730496e+02 3.77000000000000e+02 1.87371811959684e+22 2.04314069918975e+21 4.83539498522720e+21 
3.75201837730496e+02 3.77000000000000e+02 1.87371811959629e+22 2.04314069918942e+21 4.83539498522591e+21 
4.65201837730496e+02 3.77000000000000e+02 1.87371811959561e+22 2.04314069918901e+21 4.83539498522433e+21 
5.65201837730496e+02 3.77000000000000e+02 1.87371811959494e+22 2.04314069918862e+21 4.83539498522280e+21 
6.65201837730496e+02 3.77000000000000e+02 1.87371811959526e+22 2.04314069918881e+21 4.83539498522353e+21 
7.65201837730496e+02 3.77000000000000e+02 1.87371811959585e+22 2.04314069918916e+21 4.83539498522490e+21 
8.65201837730496e+02 3.77000000000000e+02 1.87371811959577e+22 2.04314069918911e+21 4.83539498522470e+21 
9.65201837730496e+02 3.77000000000000e+02 1.87371811959545e+22 2.04314069918892e+21 4.83539498522397e+21 
1.00000000000000e+03 3.77000000000000e+02 1.87371811959556e+22 2.04314069918899e+21 4.83539498522422e+21 
