Time(s)              GasTemp(K)           [O2(X)](m^-3)        [O2(a)](m^-3)        [O(3P)](m^-3)       
0.00000000000000e+00 3.77000000000000e+02 1.08381502211954e+23 0.00000000000000e+00 0.00000000000000e+00 
5.26819863460423e-17 3.77000000000000e+02 1.08381502211953e+23 9.83251410167038e+07 4.37514834391508e+08 
1.05363972692085e-16 3.77000000000000e+02 1.08381502211953e+23 1.96650282033407e+08 8.75029668783012e+08 
1.58045959038127e-16 3.77000000000000e+02 1.08381502211953e+23 2.94975423050109e+08 1.31254450317451e+09 
6.84865822498550e-16 3.77000000000000e+02 1.08381502211950e+23 1.27822683321706e+09 5.68769284708918e+09 
1.21168568595897e-15 3.77000000000000e+02 1.08381502211946e+23 2.26147824338392e+09 1.00628411910035e+10 
1.73850554941940e-15 3.77000000000000e+02 1.08381502211943e+23 3.24472965355069e+09 1.44379895349173e+10 
7.00670418402363e-15 3.77000000000000e+02 1.08381502211911e+23 1.30772437552110e+10 5.81894729740226e+10 
1.22749028186279e-14 3.77000000000000e+02 1.08381502211880e+23 2.29097578568627e+10 1.01940956413089e+11 
1.75431014532321e-14 3.77000000000000e+02 1.08381502211848e+23 3.27422719585058e+10 1.45692439852117e+11 
7.02250877992744e-14 3.77000000000000e+02 1.08381502211531e+23 1.31067412974188e+11 5.83207274239028e+11 
1.22907074145317e-13 3.77000000000000e+02 1.08381502211214e+23 2.29392553989020e+11 1.02072210862211e+12 
1.75589060491359e-13 3.77000000000000e+02 1.08381502210897e+23 3.27717695002983e+11 1.45823694300128e+12 
7.02408923951783e-13 3.77000000000000e+02 1.08381502207726e+23 1.31096910506780e+12 5.83338528645625e+12 
1.22922878741221e-12 3.77000000000000e+02 1.08381502204555e+23 2.29422051504749e+12 1.02085336295280e+13 
1.75604865087263e-12 3.77000000000000e+02 1.08381502201384e+23 3.27747192494041e+12 1.45836819722092e+13 
7.02424728547686e-12 3.77000000000000e+02 1.08381502169676e+23 1.31099860163882e+13 5.83351653653454e+13 
1.22924459200811e-11 3.77000000000000e+02 1.08381502137968e+23 2.29425000993220e+13 1.02086648720158e+14 
1.75606445546853e-11 3.77000000000000e+02 1.08381502106260e+23 3.27750141735805e+13 1.45838132035920e+14 
7.02426309007277e-11 3.77000000000000e+02 1.08381501789177e+23 1.31100154168018e+14 5.83352961825927e+14 
1.22924617246770e-10 3.77000000000000e+02 1.08381501472094e+23 2.29425293311053e+14 1.02086778778353e+15 
1.75606603592812e-10 3.77000000000000e+02 1.08381501155012e+23 3.27750431586563e+14 1.45838260983618e+15 
7.02426467053236e-10 3.77000000000000e+02 1.08381497984187e+23 1.31100173952689e+15 5.83353049360080e+15 
1.22924633051366e-09 3.77000000000000e+02 1.08381494813362e+23 2.29425296232681e+15 1.02086779941253e+16 
1.75606619397408e-09 3.77000000000000e+02 1.08381491642537e+23 3.27750409837430e+15 1.45838251041537e+16 
7.02426482857832e-09 3.77000000000000e+02 1.08381459934314e+23 1.31100079773515e+16 5.83352625282743e+16 
1.22924634631826e-08 3.77000000000000e+02 1.08381428226119e+23 2.29425033422373e+16 1.02086661628399e+17 
1.75606620977868e-08 3.77000000000000e+02 1.08381396517953e+23 3.27749900318009e+16 1.45838021678948e+17 
7.02426484438291e-08 3.77000000000000e+02 1.08381079438718e+23 1.31099108758461e+17 5.83348254586683e+17 
1.22924634789871e-07 3.77000000000000e+02 1.08380762362250e+23 2.29422376024524e+17 1.02085465510887e+18 
1.75606621135914e-07 3.77000000000000e+02 1.08380445288603e+23 3.27744775680275e+17 1.45835715071506e+18 
7.02426484596337e-07 3.77000000000000e+02 1.08377274795335e+23 1.31089393613225e+18 5.83304536554152e+18 
1.22924634805676e-06 3.77000000000000e+02 1.08374104578877e+23 2.29395789908779e+18 1.02073503558513e+19 
1.75606621151718e-06 3.77000000000000e+02 1.08370934644483e+23 3.27693502296097e+18 1.45812648961278e+19 
7.02426484612142e-06 3.77000000000000e+02 1.08339250348037e+23 1.31020649808525e+19 5.82995978718612e+19 
1.22924634807257e-05 3.77000000000000e+02 1.08307594107951e+23 2.29185291738932e+19 1.01979149657380e+20 
1.75606621153299e-05 3.77000000000000e+02 1.08275966144153e+23 3.27262359627527e+19 1.45619663675834e+20 
2.28288607499341e-05 3.77000000000000e+02 1.08244366550337e+23 4.25251314640926e+19 1.89221060304591e+20 
7.55108470959764e-05 3.77000000000000e+02 1.07929940806165e+23 1.40017529309114e+20 6.23087752959701e+20 
1.28192833442019e-04 3.77000000000000e+02 1.07618380951232e+23 2.36592092407601e+20 1.05305833662705e+21 
1.80874819788061e-04 3.77000000000000e+02 1.07309708706976e+23 3.32219819690610e+20 1.47914737057486e+21 
2.33556806134103e-04 3.77000000000000e+02 1.07003945215622e+23 4.26871693523351e+20 1.90137060561633e+21 
6.57429674665292e-04 3.77000000000000e+02 1.04651311792545e+23 1.15018954911890e+21 5.16000174057930e+21 
1.08130254319648e-03 3.77000000000000e+02 1.02493825091186e+23 1.79820225576133e+21 8.17894973001245e+21 
1.50517541172767e-03 3.77000000000000e+02 1.00532447188448e+23 2.36472857612459e+21 1.09686528947623e+22 
1.92904828025886e-03 3.77000000000000e+02 9.87628722139094e+22 2.84840088141531e+21 1.35404582332578e+22 
2.35292114879004e-03 3.77000000000000e+02 9.71767379431072e+22 3.25163383372386e+21 1.59062608702452e+22 
3.00565689170692e-03 3.77000000000000e+02 9.50609191579336e+22 3.73033245021962e+21 1.91805012076017e+22 
3.65839263462379e-03 3.77000000000000e+02 9.33054804317618e+22 4.05617492381109e+21 2.20396937127637e+22 
4.18813310274220e-03 3.77000000000000e+02 9.21147178190073e+22 4.22597171445220e+21 2.40816253569916e+22 
4.71787357086061e-03 3.77000000000000e+02 9.11029467429028e+22 4.32863020118812e+21 2.58998505357298e+22 
5.24761403897902e-03 3.77000000000000e+02 9.02454269986852e+22 4.37834266383782e+21 2.75154650988664e+22 
5.77735450709743e-03 3.77000000000000e+02 8.95198093426724e+22 4.38761105922050e+21 2.89481636201273e+22 
6.63288098474249e-03 3.77000000000000e+02 8.85796551900875e+22 4.34229368291292e+21 3.09191066779125e+22 
7.48840746238756e-03 3.77000000000000e+02 8.78629061170803e+22 4.25401742316645e+21 3.25291573434191e+22 
8.34393394003262e-03 3.77000000000000e+02 8.73129712982628e+22 4.14791064296543e+21 3.38412405414549e+22 
9.19946041767769e-03 3.77000000000000e+02 8.68883282832671e+22 4.03903718067636e+21 3.49082734960231e+22 
1.00549868953228e-02 3.77000000000000e+02 8.65587838319807e+22 3.93562636516847e+21 3.57741840296107e+22 
1.11690458194480e-02 3.77000000000000e+02 8.62365740729057e+22 3.81563986039056e+21 3.66585765573148e+22 
1.22831047435732e-02 3.77000000000000e+02 8.60011753812367e+22 3.71593016983121e+21 3.73287933217696e+22 
1.33971636676984e-02 3.77000000000000e+02 8.58275762671723e+22 3.63580622705064e+21 3.78362394354575e+22 
1.45112225918236e-02 3.77000000000000e+02 8.56989822144267e+22 3.57250704347944e+21 3.82200259080897e+22 
1.56252815159488e-02 3.77000000000000e+02 8.56034916056739e+22 3.52305712419120e+21 3.85099069641708e+22 
1.79821105149257e-02 3.77000000000000e+02 8.54756018303060e+22 3.45369941399535e+21 3.89044019352921e+22 
2.03389395139026e-02 3.77000000000000e+02 8.54029848007160e+22 3.41584710894649e+21 3.91253406045549e+22 
2.26957685128795e-02 3.77000000000000e+02 8.53599874233442e+22 3.39465041713558e+21 3.92537287429008e+22 
2.50525975118564e-02 3.77000000000000e+02 8.53371390034060e+22 3.38110107693057e+21 3.93265242631728e+22 
2.74094265108333e-02 3.77000000000000e+02 8.53272839186942e+22 3.37293674014253e+21 3.93625631061676e+22 
3.11758981961525e-02 3.77000000000000e+02 8.53179825157596e+22 3.36764345341763e+21 3.93917524854748e+22 
3.49423698814716e-02 3.77000000000000e+02 8.53161706431807e+22 3.36637459334498e+21 3.93979139507731e+22 
3.87088415667908e-02 3.77000000000000e+02 8.53165474807558e+22 3.36625014085622e+21 3.93974091806031e+22 
4.24753132521099e-02 3.77000000000000e+02 8.53169809041202e+22 3.36630996483184e+21 3.93964226859264e+22 
6.45421518738447e-02 3.77000000000000e+02 8.53171239074195e+22 3.36633418988032e+21 3.93960882292340e+22 
8.66089904955795e-02 3.77000000000000e+02 8.53170871746824e+22 3.36632515903550e+21 3.93961797563994e+22 
1.08675829117314e-01 3.77000000000000e+02 8.53170765885955e+22 3.36632176875229e+21 3.93962077091396e+22 
3.29344215334662e-01 3.77000000000000e+02 8.53170752974505e+22 3.36632119161312e+21 3.93962114457079e+22 
5.50012601552010e-01 3.77000000000000e+02 8.53170755912639e+22 3.36632130754202e+21 3.93962106262232e+22 
7.70680987769358e-01 3.77000000000000e+02 8.53170756026400e+22 3.36632131243030e+21 3.93962105936944e+22 
2.97736484994284e+00 3.77000000000000e+02 8.53170756019001e+22 3.36632131215589e+21 3.93962105957222e+22 
5.18404871211632e+00 3.77000000000000e+02 8.53170756018625e+22 3.36632131213798e+21 3.93962105958350e+22 
7.39073257428979e+00 3.77000000000000e+02 8.53170756018639e+22 3.36632131213801e+21 3.93962105958346e+22 
2.94575711960246e+01 3.77000000000000e+02 8.53170756018665e+22 3.36632131213803e+21 3.93962105958354e+22 
5.15244098177594e+01 3.77000000000000e+02 8.53170756018683e+22 3.36632131213805e+21 3.93962105958359e+22 
7.35912484394941e+01 3.77000000000000e+02 8.53170756018790e+22 3.36632131213815e+21 3.93962105958391e+22 
1.73591248439494e+02 3.77000000000000e+02 8.53170756019013e+22 3.36632131213835e+21 3.93962105958459e+22 
2.73591248439494e+02 3.77000000000000e+02 8.53170756019341e+22 3.36632131213865e+21 3.93962105958558e+22 
3.73591248439494e+02 3.77000000000000e+02 8.53170756019734e+22 3.36632131213901e+21 3.93962105958676e+22 
4.73591248439494e+02 3.77000000000000e+02 8.53170756020149e+22 3.36632131213939e+21 3.93962105958801e+22 
5.73591248439494e+02 3.77000000000000e+02 8.53170756020092e+22 3.36632131213933e+21 3.93962105958784e+22 
6.73591248439494e+02 3.77000000000000e+02 8.53170756019863e+22 3.36632131213912e+21 3.93962105958715e+22 
7.73591248439494e+02 3.77000000000000e+02 8.53170756019717e+22 3.36632131213899e+21 3.93962105958671e+22 
8.73591248439494e+02 3.77000000000000e+02 8.53170756019719e+22 3.36632131213899e+21 3.93962105958672e+22 
9.73591248439494e+02 3.77000000000000e+02 8.53170756019500e+22 3.36632131213879e+21 3.93962105958605e+22 
9.75968036079940e+02 3.77000000000000e+02 8.53170756019485e+22 3.36632131213878e+21 3.93962105958601e+22 
9.78344823720385e+02 3.77000000000000e+02 8.53170756019488e+22 3.36632131213878e+21 3.93962105958602e+22 
9.80721611360831e+02 3.77000000000000e+02 8.53170756019479e+22 3.36632131213877e+21 3.93962105958599e+22 
9.86505127952581e+02 3.77000000000000e+02 8.53170756019513e+22 3.36632131213881e+21 3.93962105958609e+22 
9.92288644544332e+02 3.77000000000000e+02 8.53170756019535e+22 3.36632131213883e+21 3.93962105958616e+22 
9.98072161136083e+02 3.77000000000000e+02 8.53170756019538e+22 3.36632131213883e+21 3.93962105958617e+22 
1.00000000000000e+03 3.77000000000000e+02 8.53170756019523e+22 3.36632131213882e+21 3.93962105958613e+22 
