Time(s)              GasTemp(K)           [O2(X)](m^-3)        [O2(a)](m^-3)        [O(3P)](m^-3)       
0.00000000000000e+00 3.77000000000000e+02 2.45443324423833e+23 0.00000000000000e+00 0.00000000000000e+00 
6.32357978692765e-17 3.77000000000000e+02 2.45443324423832e+23 1.73363039899445e+08 6.38049096027242e+08 
1.26471595738553e-16 3.77000000000000e+02 2.45443324423832e+23 3.46726079798888e+08 1.27609819205447e+09 
1.89707393607829e-16 3.77000000000000e+02 2.45443324423831e+23 5.20089119698329e+08 1.91414728808169e+09 
8.22065372300594e-16 3.77000000000000e+02 2.45443324423826e+23 2.25371951869257e+09 8.29463824835281e+09 
1.45442335099336e-15 3.77000000000000e+02 2.45443324423821e+23 3.98734991768663e+09 1.46751292086227e+10 
2.08678132968612e-15 3.77000000000000e+02 2.45443324423816e+23 5.72098031668049e+09 2.10556201688914e+10 
8.41036111661377e-15 3.77000000000000e+02 2.45443324423767e+23 2.30572843066024e+10 8.48605297714725e+10 
1.47339409035414e-14 3.77000000000000e+02 2.45443324423718e+23 4.03935882965052e+10 1.48665439373933e+11 
2.10575206904691e-14 3.77000000000000e+02 2.45443324423669e+23 5.77298922863887e+10 2.12470348976271e+11 
8.42933185597456e-14 3.77000000000000e+02 2.45443324423176e+23 2.31092932183552e+11 8.50519444989078e+11 
1.47529116429022e-13 3.77000000000000e+02 2.45443324422684e+23 4.04455972078814e+11 1.48856854098985e+12 
2.10764914298299e-13 3.77000000000000e+02 2.45443324422192e+23 5.77819011972138e+11 2.12661763697836e+12 
8.43122892991063e-13 3.77000000000000e+02 2.45443324417268e+23 2.31144941073825e+12 8.50710859580589e+12 
1.47548087168383e-12 3.77000000000000e+02 2.45443324412344e+23 4.04507980931417e+12 1.48875995534299e+13 
2.10783885037659e-12 3.77000000000000e+02 2.45443324407420e+23 5.77871020769630e+12 2.12680905098277e+13 
8.43141863730424e-12 3.77000000000000e+02 2.45443324358181e+23 2.31150141748050e+13 8.50729999680504e+13 
1.47549984242319e-11 3.77000000000000e+02 2.45443324308943e+23 4.04513181228945e+13 1.48877909305923e+14 
2.10785782111595e-11 3.77000000000000e+02 2.45443324259704e+23 5.77876220516047e+13 2.12682818521166e+14 
8.43143760804360e-11 3.77000000000000e+02 2.45443323767316e+23 2.31150659667447e+14 8.50731900098129e+14 
1.47550173949713e-10 3.77000000000000e+02 2.45443323274929e+23 4.04513695381371e+14 1.48878096964005e+15 
2.10785971818989e-10 3.77000000000000e+02 2.45443322782541e+23 5.77876729157366e+14 2.12683002691905e+15 
8.43143950511754e-10 3.77000000000000e+02 2.45443317858666e+23 2.31150689979115e+15 8.50731954216219e+15 
1.47550192920452e-09 3.77000000000000e+02 2.45443312934792e+23 4.04513688023249e+15 1.48878078539007e+16 
2.10785990789728e-09 3.77000000000000e+02 2.45443308010919e+23 5.77876666688004e+15 2.12682949393477e+16 
8.43143969482493e-09 3.77000000000000e+02 2.45443258772255e+23 2.31150478205146e+16 8.50730600390978e+16 
1.47550194817526e-08 3.77000000000000e+02 2.45443209533670e+23 4.04513099543566e+16 1.48877704788046e+17 
2.10785992686802e-08 3.77000000000000e+02 2.45443160295167e+23 5.77875527079575e+16 2.12682226907541e+17 
8.43143971379567e-08 3.77000000000000e+02 2.45442667917088e+23 2.31148308735321e+17 8.50716872604154e+17 
1.47550195007233e-07 3.77000000000000e+02 2.45442175546929e+23 4.04507162235935e+17 1.48873948290581e+18 
2.10785992876510e-07 3.77000000000000e+02 2.45441683184841e+23 5.77864076852181e+17 2.12674982995654e+18 
8.43143971569275e-07 3.77000000000000e+02 2.45436760260123e+23 2.31126584767887e+18 8.50579572422631e+18 
1.47550195026204e-06 3.77000000000000e+02 2.45431838128132e+23 4.04447681857310e+18 1.48836377644180e+19 
2.10785992895480e-06 3.77000000000000e+02 2.45426916804204e+23 5.77749304155968e+18 2.12602531749006e+19 
8.43143971588245e-06 3.77000000000000e+02 2.45377746794915e+23 2.30971491243645e+19 8.49609595871524e+19 
1.47550195028101e-05 3.77000000000000e+02 2.45328657559814e+23 4.03970536379695e+19 1.48539620761771e+20 
2.10785992897378e-05 3.77000000000000e+02 2.45279650066019e+23 5.76767311921820e+19 2.11995253242639e+20 
2.74021790766654e-05 3.77000000000000e+02 2.45230724932760e+23 7.49357794871352e+19 2.75327423171107e+20 
8.20885869457387e-05 3.77000000000000e+02 2.44811156034798e+23 2.23248099733883e+20 8.17840578603050e+20 
1.36774994814812e-04 3.77000000000000e+02 2.44398048110299e+23 3.69763117028250e+20 1.35102639301210e+21 
1.91461402683885e-04 3.77000000000000e+02 2.43991628842230e+23 5.14284414576544e+20 1.87482233405233e+21 
2.46147810552959e-04 3.77000000000000e+02 2.43592117305031e+23 6.56619484650848e+20 2.38917526830148e+21 
4.96791464642541e-04 3.77000000000000e+02 2.41853873204256e+23 1.27679790722610e+21 4.62530662470204e+21 
7.47435118732123e-04 3.77000000000000e+02 2.40277588026352e+23 1.83468754058149e+21 6.66209771379802e+21 
9.98078772821705e-04 3.77000000000000e+02 2.38869459737459e+23 2.32237648894726e+21 8.50297639485269e+21 
1.24872242691129e-03 3.77000000000000e+02 2.37628242669946e+23 2.73745908470128e+21 1.01552453383718e+22 
1.49936608100087e-03 3.77000000000000e+02 2.36546969723048e+23 3.08184866307840e+21 1.16290120754140e+22 
1.86644668373031e-03 3.77000000000000e+02 2.35224122246340e+23 3.47156619651228e+21 1.34952719619611e+22 
2.23352728645976e-03 3.77000000000000e+02 2.34178646559423e+23 3.74190558750638e+21 1.50455445538067e+22 
2.60060788918920e-03 3.77000000000000e+02 2.33367466117167e+23 3.91573395314214e+21 1.63202487070470e+22 
2.96768849191864e-03 3.77000000000000e+02 2.32747744021666e+23 4.01584278911220e+21 1.73594752261094e+22 
3.83612098511137e-03 3.77000000000000e+02 2.31842206904251e+23 4.06223209558006e+21 1.90777708480044e+22 
4.45557617771375e-03 3.77000000000000e+02 2.31495959171460e+23 4.02086074896391e+21 1.98530090068188e+22 
5.07503137031613e-03 3.77000000000000e+02 2.31292289573370e+23 3.96124659599545e+21 2.03795765089365e+22 
5.69448656291851e-03 3.77000000000000e+02 2.31175507224009e+23 3.90059516116736e+21 2.07344440773147e+22 
6.31394175552090e-03 3.77000000000000e+02 2.31111172506269e+23 3.84633778206774e+21 2.09716282709939e+22 
6.93339694812328e-03 3.77000000000000e+02 2.31077872504307e+23 3.80110293464146e+21 2.11286979697674e+22 
7.80371665191025e-03 3.77000000000000e+02 2.31059767435321e+23 3.75302557243913e+21 2.12610628321430e+22 
8.67403635569722e-03 3.77000000000000e+02 2.31055497982592e+23 3.72088107958035e+21 2.13338907233144e+22 
9.54435605948419e-03 3.77000000000000e+02 2.31055628382005e+23 3.70040199264666e+21 2.13745880983497e+22 
1.04146757632712e-02 3.77000000000000e+02 2.31057039414342e+23 3.68757268011184e+21 2.13974246587409e+22 
1.12849954670581e-02 3.77000000000000e+02 2.31058766440710e+23 3.67953944284178e+21 2.14100370805423e+22 
1.30102406770478e-02 3.77000000000000e+02 2.31061871473877e+23 3.67213747240348e+21 2.14186309550842e+22 
1.47354858870375e-02 3.77000000000000e+02 2.31063370998899e+23 3.66917375771847e+21 2.14215593344110e+22 
1.64607310970271e-02 3.77000000000000e+02 2.31063842795380e+23 3.66765793105645e+21 2.14236473947725e+22 
1.81859763070168e-02 3.77000000000000e+02 2.31064054671153e+23 3.66694893476315e+21 2.14246416358126e+22 
1.99112215170065e-02 3.77000000000000e+02 2.31064203178966e+23 3.66680261603039e+21 2.14246372576524e+22 
2.58610659076264e-02 3.77000000000000e+02 2.31064304325462e+23 3.66678342385199e+21 2.14244733490177e+22 
3.18109102982463e-02 3.77000000000000e+02 2.31064243582363e+23 3.66699900880177e+21 2.14241636653174e+22 
3.77607546888662e-02 3.77000000000000e+02 2.31064319039103e+23 3.66689833403934e+21 2.14242141013611e+22 
4.37105990794861e-02 3.77000000000000e+02 2.31064278380819e+23 3.66692842415254e+21 2.14242352377034e+22 
8.68934052000152e-02 3.77000000000000e+02 2.31064293975578e+23 3.66690404857377e+21 2.14242527993442e+22 
1.30076211320544e-01 3.77000000000000e+02 2.31064299886708e+23 3.66690021087974e+21 2.14242486524730e+22 
1.73259017441073e-01 3.77000000000000e+02 2.31064302571245e+23 3.66689684080129e+21 2.14242500235562e+22 
6.05087078646364e-01 3.77000000000000e+02 2.31064303865540e+23 3.66689580482978e+21 2.14242495069075e+22 
1.03691513985165e+00 3.77000000000000e+02 2.31064302446570e+23 3.66689710393769e+21 2.14242497466312e+22 
1.46874320105694e+00 3.77000000000000e+02 2.31064303089544e+23 3.66689655127509e+21 2.14242495660072e+22 
5.78702381310985e+00 3.77000000000000e+02 2.31064302965882e+23 3.66689666472043e+21 2.14242495864314e+22 
1.01053044251628e+01 3.77000000000000e+02 2.31064302801640e+23 3.66689680145683e+21 2.14242496414357e+22 
1.44235850372157e+01 3.77000000000000e+02 2.31064302830850e+23 3.66689677825003e+21 2.14242496294256e+22 
5.76063911577447e+01 3.77000000000000e+02 2.31064302812398e+23 3.66689679359184e+21 2.14242496356560e+22 
1.00789197278274e+02 3.77000000000000e+02 2.31064302807455e+23 3.66689679760264e+21 2.14242496376349e+22 
1.43972003398803e+02 3.77000000000000e+02 2.31064302806180e+23 3.66689679872579e+21 2.14242496380322e+22 
2.43972003398803e+02 3.77000000000000e+02 2.31064302805712e+23 3.66689679914461e+21 2.14242496382434e+22 
3.43972003398803e+02 3.77000000000000e+02 2.31064302806018e+23 3.66689679902280e+21 2.14242496381985e+22 
4.43972003398803e+02 3.77000000000000e+02 2.31064302805952e+23 3.66689679912116e+21 2.14242496382431e+22 
5.43972003398803e+02 3.77000000000000e+02 2.31064302805995e+23 3.66689679907349e+21 2.14242496382225e+22 
6.43972003398803e+02 3.77000000000000e+02 2.31064302806016e+23 3.66689679910218e+21 2.14242496382390e+22 
7.43972003398803e+02 3.77000000000000e+02 2.31064302805949e+23 3.66689679908703e+21 2.14242496382257e+22 
8.43972003398803e+02 3.77000000000000e+02 2.31064302805895e+23 3.66689679909546e+21 2.14242496382307e+22 
9.43972003398803e+02 3.77000000000000e+02 2.31064302805857e+23 3.66689679909114e+21 2.14242496382254e+22 
1.00000000000000e+03 3.77000000000000e+02 2.31064302805798e+23 3.66689679909289e+21 2.14242496382229e+22 
