Time(s)              GasTemp(K)           [O2(X)](m^-3)        [O2(a)](m^-3)        [O(3P)](m^-3)       
0.00000000000000e+00 3.77000000000000e+02 2.38946627283189e+23 0.00000000000000e+00 0.00000000000000e+00 
4.68764882735479e-17 3.77000000000000e+02 2.38946627283189e+23 9.75977123522853e+07 6.90582905003520e+08 
9.37529765470957e-17 3.77000000000000e+02 2.38946627283188e+23 1.95195424704570e+08 1.38116581000703e+09 
1.40629464820644e-16 3.77000000000000e+02 2.38946627283188e+23 2.92793137056854e+08 2.07174871501053e+09 
6.09394347556122e-16 3.77000000000000e+02 2.38946627283184e+23 1.26877026057964e+09 8.97757776504454e+09 
1.07815923029160e-15 3.77000000000000e+02 2.38946627283179e+23 2.24474738410236e+09 1.58834068150775e+10 
1.54692411302708e-15 3.77000000000000e+02 2.38946627283175e+23 3.22072450762502e+09 2.27892358651092e+10 
6.23457294038187e-15 3.77000000000000e+02 2.38946627283130e+23 1.29804957428462e+10 9.18475263653303e+10 
1.09222217677367e-14 3.77000000000000e+02 2.38946627283086e+23 2.27402669780612e+10 1.60905816865441e+11 
1.56098705950914e-14 3.77000000000000e+02 2.38946627283042e+23 3.25000382132698e+10 2.29964107365439e+11 
6.24863588686393e-14 3.77000000000000e+02 2.38946627282599e+23 1.30097750564812e+11 9.20547012355737e+11 
1.09362847142187e-13 3.77000000000000e+02 2.38946627282156e+23 2.27695462915735e+11 1.61112991733501e+12 
1.56239335415735e-13 3.77000000000000e+02 2.38946627281713e+23 3.25293175266026e+11 2.30171282230305e+12 
6.25004218151214e-13 3.77000000000000e+02 2.38946627277284e+23 1.30127029871450e+12 9.20754187101471e+12 
1.09376910088669e-12 3.77000000000000e+02 2.38946627272855e+23 2.27724742210101e+12 1.61133709186239e+13 
1.56253398362217e-12 3.77000000000000e+02 2.38946627268426e+23 3.25322454542440e+12 2.30191999651098e+13 
6.25018281097696e-12 3.77000000000000e+02 2.38946627224138e+23 1.30129957732141e+13 9.20774903330955e+13 
1.09378316383317e-11 3.77000000000000e+02 2.38946627179849e+23 2.27727669948083e+13 1.61135780590837e+14 
1.56254804656865e-11 3.77000000000000e+02 2.38946627135560e+23 3.25325382100896e+13 2.30194070736249e+14 
6.25019687392344e-11 3.77000000000000e+02 2.38946626692671e+23 1.30130249818487e+14 9.20776962503004e+14 
1.09378457012782e-10 3.77000000000000e+02 2.38946626249781e+23 2.27727960807330e+14 1.61135984324540e+15 
1.56254945286330e-10 3.77000000000000e+02 2.38946625806892e+23 3.25325671164888e+14 2.30194271275471e+15 
6.25019828021809e-10 3.77000000000000e+02 2.38946621378001e+23 1.30130272029873e+15 9.20777043911233e+15 
1.09378471075729e-09 3.77000000000000e+02 2.38946616949111e+23 2.27727970747689e+15 1.61135970630343e+16 
1.56254959349277e-09 3.77000000000000e+02 2.38946612520221e+23 3.25325663152614e+15 2.30194225636475e+16 
6.25019842084755e-09 3.77000000000000e+02 2.38946568231378e+23 1.30130204277269e+16 9.20775806963291e+16 
1.09378472482023e-08 3.77000000000000e+02 2.38946523942597e+23 2.27727780280783e+16 1.61135628585466e+17 
1.56254960755571e-08 3.77000000000000e+02 2.38946479653878e+23 3.25325293150924e+16 2.30193564143941e+17 
6.25019843491050e-08 3.77000000000000e+02 2.38946036772075e+23 1.30129497638132e+17 9.20763232479765e+17 
1.09378472622653e-07 3.77000000000000e+02 2.38945593896405e+23 2.27725846095851e+17 1.61132187649988e+18 
1.56254960896201e-07 3.77000000000000e+02 2.38945151026983e+23 3.25321562773837e+17 2.30186928766039e+18 
6.25019843631679e-07 3.77000000000000e+02 2.38940722871647e+23 1.30122415694064e+18 9.20637477044629e+18 
1.09378472636716e-06 3.77000000000000e+02 2.38936295329775e+23 2.27706448429011e+18 1.61097778604176e+19 
1.56254960910264e-06 3.77000000000000e+02 2.38931868413066e+23 3.25284118793228e+18 2.30120578712078e+19 
6.25019843645742e-06 3.77000000000000e+02 2.38887632628246e+23 1.30071523684606e+19 9.19750051491826e+19 
1.09378472638122e-05 3.77000000000000e+02 2.38843459129924e+23 2.27549341454068e+19 1.60826438239381e+20 
1.56254960911670e-05 3.77000000000000e+02 2.38799348492541e+23 3.24959656473148e+19 2.29565650001263e+20 
2.03131449185218e-05 3.77000000000000e+02 2.38755301014349e+23 4.22300466715540e+19 2.98192444338187e+20 
6.25678933283734e-05 3.77000000000000e+02 2.38361145208093e+23 1.29610799681413e+20 9.11742550829391e+20 
1.04822641738225e-04 3.77000000000000e+02 2.37972241157539e+23 2.16275658275957e+20 1.51622093474866e+21 
1.47077390148077e-04 3.77000000000000e+02 2.37588679891383e+23 3.02105163699363e+20 2.11168445621401e+21 
1.89332138557928e-04 3.77000000000000e+02 2.37210549630183e+23 3.86979997686424e+20 2.69819531063989e+21 
4.44418369718051e-04 3.77000000000000e+02 2.35046593373669e+23 8.73659510757169e+20 6.05274879752521e+21 
6.99504600878173e-04 3.77000000000000e+02 2.33093964500991e+23 1.30282685311972e+21 9.09967185815716e+21 
9.54590832038295e-04 3.77000000000000e+02 2.31355492018301e+23 1.66268717564311e+21 1.18568961784899e+22 
1.20967706319842e-03 3.77000000000000e+02 2.29825206132308e+23 1.94950733918335e+21 1.43438276233967e+22 
1.46476329435854e-03 3.77000000000000e+02 2.28490453831524e+23 2.16591385238830e+21 1.65805191985536e+22 
1.79879613984159e-03 3.77000000000000e+02 2.27005201402688e+23 2.35662467689472e+21 1.91696024072129e+22 
2.05568564390099e-03 3.77000000000000e+02 2.26046495408156e+23 2.44123943917831e+21 2.09177848717096e+22 
2.31257514796039e-03 3.77000000000000e+02 2.25224651026909e+23 2.48344039590602e+21 2.24770717207485e+22 
2.56946465201979e-03 3.77000000000000e+02 2.24521210806353e+23 2.49276386798049e+21 2.38653052177105e+22 
2.82635415607919e-03 3.77000000000000e+02 2.23919234610770e+23 2.47779820695657e+21 2.50991889309253e+22 
3.24279504434470e-03 3.77000000000000e+02 2.23122847170773e+23 2.41942981494450e+21 2.68087005949423e+22 
3.65923593261021e-03 3.77000000000000e+02 2.22500469741722e+23 2.34028109259752e+21 2.82117528977387e+22 
4.07567682087571e-03 3.77000000000000e+02 2.22009280918136e+23 2.25662635745653e+21 2.93614400151937e+22 
4.49211770914122e-03 3.77000000000000e+02 2.21618354800345e+23 2.17721361966334e+21 3.03021177263615e+22 
4.90855859740673e-03 3.77000000000000e+02 2.21305419409582e+23 2.10595169335276e+21 3.10705123605097e+22 
5.41510286319224e-03 3.77000000000000e+02 2.21006391286090e+23 2.03214830376180e+21 3.18161753866746e+22 
5.92164712897776e-03 3.77000000000000e+02 2.20775409514237e+23 1.97264747338333e+21 3.23971405911371e+22 
6.42819139476327e-03 3.77000000000000e+02 2.20596140062950e+23 1.92577667658596e+21 3.28494210873069e+22 
6.93473566054879e-03 3.77000000000000e+02 2.20456795038212e+23 1.88924692266324e+21 3.32011706446291e+22 
7.44127992633431e-03 3.77000000000000e+02 2.20348443584047e+23 1.86095284004397e+21 3.34744617181966e+22 
8.59366664752463e-03 3.77000000000000e+02 2.20184829903520e+23 1.81903813649138e+21 3.38855184863565e+22 
9.74605336871496e-03 3.77000000000000e+02 2.20092906596886e+23 1.79677661567666e+21 3.41138881412548e+22 
1.08984400899053e-02 3.77000000000000e+02 2.20040099115961e+23 1.78476637272767e+21 3.42435235890026e+22 
1.20508268110956e-02 3.77000000000000e+02 2.20009279709586e+23 1.77803306209809e+21 3.43186290230112e+22 
1.32032135322859e-02 3.77000000000000e+02 2.19991024531609e+23 1.77347709790448e+21 3.43642513073524e+22 
1.48922105593554e-02 3.77000000000000e+02 2.19978240358761e+23 1.77027993284463e+21 3.43962139831670e+22 
1.65812075864249e-02 3.77000000000000e+02 2.19972817280258e+23 1.76912198335140e+21 3.44093760391588e+22 
1.82702046134944e-02 3.77000000000000e+02 2.19970303658111e+23 1.76872724862563e+21 3.44151927529030e+22 
1.99592016405638e-02 3.77000000000000e+02 2.19969120820666e+23 1.76852139541208e+21 3.44179701342196e+22 
2.16481986676333e-02 3.77000000000000e+02 2.19968631236639e+23 1.76838902557162e+21 3.44192140419542e+22 
2.75123673446423e-02 3.77000000000000e+02 2.19968093733358e+23 1.76826415396242e+21 3.44205387917324e+22 
3.33765360216513e-02 3.77000000000000e+02 2.19968340671577e+23 1.76830800749171e+21 3.44199572082369e+22 
3.92407046986603e-02 3.77000000000000e+02 2.19968423274564e+23 1.76832985873954e+21 3.44197482997695e+22 
4.51048733756693e-02 3.77000000000000e+02 2.19968396175722e+23 1.76832678142738e+21 3.44198086520782e+22 
1.03746560145759e-01 3.77000000000000e+02 2.19968414358813e+23 1.76833118469097e+21 3.44197634793795e+22 
1.62388246915849e-01 3.77000000000000e+02 2.19968347246142e+23 1.76831975734907e+21 3.44199205593790e+22 
2.21029933685939e-01 3.77000000000000e+02 2.19968368342945e+23 1.76832094376778e+21 3.44198759929210e+22 
2.79671620456030e-01 3.77000000000000e+02 2.19968372204593e+23 1.76832143838049e+21 3.44198672803955e+22 
8.66088488156930e-01 3.77000000000000e+02 2.19968371489150e+23 1.76832138486481e+21 3.44198688183069e+22 
1.45250535585783e+00 3.77000000000000e+02 2.19968371462779e+23 1.76832138063894e+21 3.44198688794986e+22 
2.03892222355873e+00 3.77000000000000e+02 2.19968371463183e+23 1.76832138040661e+21 3.44198688791536e+22 
7.90309090056773e+00 3.77000000000000e+02 2.19968371463209e+23 1.76832138039460e+21 3.44198688791283e+22 
1.37672595775767e+01 3.77000000000000e+02 2.19968371463207e+23 1.76832138039468e+21 3.44198688791283e+22 
1.96314282545857e+01 3.77000000000000e+02 2.19968371463205e+23 1.76832138039467e+21 3.44198688791281e+22 
7.82731150246758e+01 3.77000000000000e+02 2.19968371463208e+23 1.76832138039466e+21 3.44198688791284e+22 
1.36914801794766e+02 3.77000000000000e+02 2.19968371463208e+23 1.76832138039466e+21 3.44198688791284e+22 
1.42192553604074e+02 3.77000000000000e+02 2.19968371463203e+23 1.76832138039467e+21 3.44198688791279e+22 
1.47470305413382e+02 3.77000000000000e+02 2.19968371463200e+23 1.76832138039468e+21 3.44198688791276e+22 
1.52748057222690e+02 3.77000000000000e+02 2.19968371463200e+23 1.76832138039468e+21 3.44198688791276e+22 
1.57498033851067e+02 3.77000000000000e+02 2.19968371463199e+23 1.76832138039469e+21 3.44198688791274e+22 
1.58923026839581e+02 3.77000000000000e+02 2.19968371463198e+23 1.76832138039469e+21 3.44198688791274e+22 
1.60348019828094e+02 3.77000000000000e+02 2.19968371463197e+23 1.76832138039469e+21 3.44198688791273e+22 
1.61773012816607e+02 3.77000000000000e+02 2.19968371463196e+23 1.76832138039469e+21 3.44198688791272e+22 
1.76022942701739e+02 3.77000000000000e+02 2.19968371463185e+23 1.76832138039472e+21 3.44198688791260e+22 
1.90272872586871e+02 3.77000000000000e+02 2.19968371463173e+23 1.76832138039475e+21 3.44198688791248e+22 
2.04522802472003e+02 3.77000000000000e+02 2.19968371463176e+23 1.76832138039474e+21 3.44198688791251e+22 
2.07222802472003e+02 3.77000000000000e+02 2.19968371463176e+23 1.76832138039474e+21 3.44198688791251e+22 
2.09922802472003e+02 3.77000000000000e+02 2.19968371463176e+23 1.76832138039474e+21 3.44198688791251e+22 
2.12622802472003e+02 3.77000000000000e+02 2.19968371463177e+23 1.76832138039474e+21 3.44198688791252e+22 
2.39622802472003e+02 3.77000000000000e+02 2.19968371463184e+23 1.76832138039472e+21 3.44198688791259e+22 
2.47722802472003e+02 3.77000000000000e+02 2.19968371463186e+23 1.76832138039472e+21 3.44198688791261e+22 
2.50152802472003e+02 3.77000000000000e+02 2.19968371463184e+23 1.76832138039472e+21 3.44198688791259e+22 
2.52582802472003e+02 3.77000000000000e+02 2.19968371463185e+23 1.76832138039472e+21 3.44198688791260e+22 
2.55012802472003e+02 3.77000000000000e+02 2.19968371463184e+23 1.76832138039472e+21 3.44198688791259e+22 
2.79312802472003e+02 3.77000000000000e+02 2.19968371463190e+23 1.76832138039471e+21 3.44198688791265e+22 
3.03612802472003e+02 3.77000000000000e+02 2.19968371463192e+23 1.76832138039470e+21 3.44198688791267e+22 
3.10902802472003e+02 3.77000000000000e+02 2.19968371463192e+23 1.76832138039470e+21 3.44198688791268e+22 
3.18192802472003e+02 3.77000000000000e+02 2.19968371463197e+23 1.76832138039469e+21 3.44198688791272e+22 
3.25482802472003e+02 3.77000000000000e+02 2.19968371463199e+23 1.76832138039468e+21 3.44198688791275e+22 
3.98382802472003e+02 3.77000000000000e+02 2.19968371463212e+23 1.76832138039465e+21 3.44198688791288e+22 
4.71282802472003e+02 3.77000000000000e+02 2.19968371463215e+23 1.76832138039465e+21 3.44198688791291e+22 
5.44182802472003e+02 3.77000000000000e+02 2.19968371463204e+23 1.76832138039467e+21 3.44198688791280e+22 
6.44182802472003e+02 3.77000000000000e+02 2.19968371463177e+23 1.76832138039474e+21 3.44198688791252e+22 
7.44182802472003e+02 3.77000000000000e+02 2.19968371463173e+23 1.76832138039475e+21 3.44198688791248e+22 
8.44182802472003e+02 3.77000000000000e+02 2.19968371463157e+23 1.76832138039479e+21 3.44198688791232e+22 
9.44182802472003e+02 3.77000000000000e+02 2.19968371463189e+23 1.76832138039471e+21 3.44198688791265e+22 
1.00000000000000e+03 3.77000000000000e+02 2.19968371463122e+23 1.76832138039488e+21 3.44198688791195e+22 
