Time(s)              GasTemp(K)           [O2(X)](m^-3)        [O2(a)](m^-3)        [O(3P)](m^-3)       
0.00000000000000e+00 3.77000000000000e+02 2.48240995353160e+23 0.00000000000000e+00 0.00000000000000e+00 
1.54731384272898e-16 3.77000000000000e+02 2.48240995353159e+23 2.98251192501235e+08 5.52895516335816e+08 
3.09462768545796e-16 3.77000000000000e+02 2.48240995353159e+23 5.96502385002466e+08 1.10579103267162e+09 
4.64194152818694e-16 3.77000000000000e+02 2.48240995353158e+23 8.94753577503693e+08 1.65868654900741e+09 
2.01150799554768e-15 3.77000000000000e+02 2.48240995353153e+23 3.87726550251562e+09 7.18764171236421e+09 
3.55882183827666e-15 3.77000000000000e+02 2.48240995353147e+23 6.85977742752714e+09 1.27165968757198e+10 
5.10613568100564e-15 3.77000000000000e+02 2.48240995353141e+23 9.84228935253827e+09 1.82455520390741e+10 
2.05792741082955e-14 3.77000000000000e+02 2.48240995353084e+23 3.96674086026147e+10 7.35351036725069e+10 
3.60524125355853e-14 3.77000000000000e+02 2.48240995353026e+23 6.94925278526517e+10 1.28824655305815e+11 
5.15255509628751e-14 3.77000000000000e+02 2.48240995352969e+23 9.93176471026483e+10 1.84114206938995e+11 
2.06256935235773e-13 3.77000000000000e+02 2.48240995352394e+23 3.97568839599138e+11 7.37009723259806e+11 
3.60988319508671e-13 3.77000000000000e+02 2.48240995351819e+23 6.95820032091672e+11 1.28990523956811e+12 
5.15719703781570e-13 3.77000000000000e+02 2.48240995351245e+23 9.94071224580174e+11 1.84280075586366e+12 
2.06303354651055e-12 3.77000000000000e+02 2.48240995345498e+23 3.97658314911757e+12 7.37175591772001e+12 
3.61034738923953e-12 3.77000000000000e+02 2.48240995339751e+23 6.95909507325935e+12 1.29007110783254e+13 
5.15766123196851e-12 3.77000000000000e+02 2.48240995334004e+23 9.94160699699803e+12 1.84296662376563e+13 
2.06307996592583e-11 3.77000000000000e+02 2.48240995276534e+23 3.97667261996216e+13 7.37192177210433e+13 
3.61039380865481e-11 3.77000000000000e+02 2.48240995219064e+23 6.95918453626839e+13 1.29008769079338e+14 
5.15770765138380e-11 3.77000000000000e+02 2.48240995161594e+23 9.94169644854361e+13 1.84298320310173e+14 
2.06308460786736e-10 3.77000000000000e+02 2.48240994586895e+23 3.97668152236629e+14 7.37193821626398e+14 
3.61039845059634e-10 3.77000000000000e+02 2.48240994012196e+23 6.95919336031703e+14 1.29008931043342e+15 
5.15771229332532e-10 3.77000000000000e+02 2.48240993437497e+23 9.94170515795752e+14 1.84298478649440e+15 
2.06308507206151e-09 3.77000000000000e+02 2.48240987690509e+23 3.97668196580135e+15 7.37193844789214e+15 
3.61039891479050e-09 3.77000000000000e+02 2.48240981943522e+23 6.95919302019046e+15 1.29008908583694e+16 
5.15771275751948e-09 3.77000000000000e+02 2.48240976196535e+23 9.94170367146971e+15 1.84298419942421e+16 
2.06308511848093e-08 3.77000000000000e+02 2.48240918726763e+23 3.97667754188196e+16 7.37192434317853e+16 
3.61039896120991e-08 3.77000000000000e+02 2.48240861257093e+23 6.95918075998893e+16 1.29008519777021e+17 
5.15771280393889e-08 3.77000000000000e+02 2.48240803787526e+23 9.94167994626076e+16 1.84297668661611e+17 
2.06308512312287e-07 3.77000000000000e+02 2.48240229100838e+23 3.97663239592070e+17 7.37178165410906e+17 
3.61039896585185e-07 3.77000000000000e+02 2.48239654424365e+23 6.95905718462672e+17 1.29004615266417e+18 
5.15771280858083e-07 3.77000000000000e+02 2.48239079758305e+23 9.94144158133955e+17 1.84290139367751e+18 
2.06308512358706e-06 3.77000000000000e+02 2.48233333997099e+23 3.97617875260749e+18 7.37035461591137e+18 
3.61039896631605e-06 3.77000000000000e+02 2.48227589262255e+23 6.95781259277879e+18 1.28965566235650e+19 
5.15771280904503e-06 3.77000000000000e+02 2.48221845576087e+23 9.93903515666190e+18 1.84214838326739e+19 
2.06308512363348e-05 3.77000000000000e+02 2.48164465689023e+23 3.97282855221406e+19 7.36027572292844e+19 
3.61039896636247e-05 3.77000000000000e+02 2.48107193466902e+23 6.94732590044185e+19 1.28657254507986e+20 
5.15771280909145e-05 3.77000000000000e+02 2.48050032576735e+23 9.91707736040303e+19 1.83584005641928e+20 
6.70502665182043e-05 3.77000000000000e+02 2.47992986335258e+23 1.28817710952395e+20 2.38382613899642e+20 
1.55998620818737e-04 3.77000000000000e+02 2.47667421190253e+23 2.98119221472011e+20 5.50909882870178e+20 
2.44946975119271e-04 3.77000000000000e+02 2.47346304307319e+23 4.65101011100514e+20 8.59180069480141e+20 
3.33895329419804e-04 3.77000000000000e+02 2.47030166175779e+23 6.29239225160288e+20 1.16317990444207e+21 
4.22843683720337e-04 3.77000000000000e+02 2.46719499210192e+23 7.90045769062947e+20 1.46290074781001e+21 
5.11792038020870e-04 3.77000000000000e+02 2.46414758794161e+23 9.47069153494498e+20 1.75833481100909e+21 
8.47179938697638e-04 3.77000000000000e+02 2.45325726047826e+23 1.49843834668149e+21 2.83366191730562e+21 
1.18256783937441e-03 3.77000000000000e+02 2.44343417064932e+23 1.97362608724060e+21 3.84790440197447e+21 
1.51795574005117e-03 3.77000000000000e+02 2.43476969322872e+23 2.36332614202200e+21 4.80139977653165e+21 
1.85334364072794e-03 3.77000000000000e+02 2.42728068121731e+23 2.66546244287218e+21 5.69492957711393e+21 
2.18873154140471e-03 3.77000000000000e+02 2.42092239630040e+23 2.88391169568922e+21 6.52968805486245e+21 
2.52411944208148e-03 3.77000000000000e+02 2.41560536625272e+23 3.02683964929382e+21 7.30723815718883e+21 
3.01093458182450e-03 3.77000000000000e+02 2.40950140698802e+23 3.12187264573316e+21 8.33796401725018e+21 
3.49774972156752e-03 3.77000000000000e+02 2.40494715017693e+23 3.11680064000204e+21 9.25895939093022e+21 
3.98456486131054e-03 3.77000000000000e+02 2.40155992778391e+23 3.04601635721786e+21 1.00779724351026e+22 
4.47138000105357e-03 3.77000000000000e+02 2.39901814630107e+23 2.93753816420946e+21 1.08032851176875e+22 
4.95819514079659e-03 3.77000000000000e+02 2.39707136579615e+23 2.81219207111434e+21 1.14433334048619e+22 
5.44501028053961e-03 3.77000000000000e+02 2.39553385365299e+23 2.68439883290944e+21 1.20064223099036e+22 
6.25364916588575e-03 3.77000000000000e+02 2.39354884297940e+23 2.48965419300477e+21 1.27929137244310e+22 
7.06228805123189e-03 3.77000000000000e+02 2.39198939771418e+23 2.33081763702739e+21 1.34224758894285e+22 
7.87092693657803e-03 3.77000000000000e+02 2.39070633080960e+23 2.20812402121339e+21 1.39244765019736e+22 
8.67956582192417e-03 3.77000000000000e+02 2.38964067322771e+23 2.11511743462319e+21 1.43236211915301e+22 
9.48820470727032e-03 3.77000000000000e+02 2.38875788252805e+23 2.04507764950437e+21 1.46402589016997e+22 
1.02968435926165e-02 3.77000000000000e+02 2.38803122740402e+23 1.99237484379082e+21 1.48909955379334e+22 
1.15941872142017e-02 3.77000000000000e+02 2.38712553580669e+23 1.93501960570442e+21 1.51868443335714e+22 
1.28915308357869e-02 3.77000000000000e+02 2.38647239035688e+23 1.89915368425394e+21 1.53892052664362e+22 
1.41888744573721e-02 3.77000000000000e+02 2.38601084742002e+23 1.87585852839275e+21 1.55281041655311e+22 
1.54862180789573e-02 3.77000000000000e+02 2.38569039012110e+23 1.86023462068516e+21 1.56234434407300e+22 
1.67835617005426e-02 3.77000000000000e+02 2.38546977400217e+23 1.84967638892862e+21 1.56886831280298e+22 
1.86120124729941e-02 3.77000000000000e+02 2.38527335080700e+23 1.84050537538526e+21 1.57463097941506e+22 
2.04404632454457e-02 3.77000000000000e+02 2.38515747157381e+23 1.83522692374062e+21 1.57800425440761e+22 
2.22689140178972e-02 3.77000000000000e+02 2.38508732148039e+23 1.83221067569186e+21 1.58001050588590e+22 
2.40973647903488e-02 3.77000000000000e+02 2.38504554231693e+23 1.83042464591023e+21 1.58120329511152e+22 
2.59258155628003e-02 3.77000000000000e+02 2.38502149438669e+23 1.82933275376265e+21 1.58190263214582e+22 
2.97743695431219e-02 3.77000000000000e+02 2.38499590042206e+23 1.82813659466831e+21 1.58265374325743e+22 
3.36229235234434e-02 3.77000000000000e+02 2.38498942431797e+23 1.82782724735299e+21 1.58284513480219e+22 
3.74714775037650e-02 3.77000000000000e+02 2.38498896620468e+23 1.82773236015285e+21 1.58287327450804e+22 
4.13200314840865e-02 3.77000000000000e+02 2.38498884697000e+23 1.82774965965656e+21 1.58287219930084e+22 
6.26111641117025e-02 3.77000000000000e+02 2.38498843207663e+23 1.82777958644095e+21 1.58287451181130e+22 
8.39022967393185e-02 3.77000000000000e+02 2.38498841735388e+23 1.82777836930424e+21 1.58287504969356e+22 
1.05193429366934e-01 3.77000000000000e+02 2.38498840153016e+23 1.82777957582357e+21 1.58287512486409e+22 
3.18104755643094e-01 3.77000000000000e+02 2.38498840163793e+23 1.82777950567046e+21 1.58287513673946e+22 
5.31016081919254e-01 3.77000000000000e+02 2.38498840214506e+23 1.82777947068311e+21 1.58287513359416e+22 
7.43927408195414e-01 3.77000000000000e+02 2.38498840215335e+23 1.82777946825718e+21 1.58287513391357e+22 
2.87304067095701e+00 3.77000000000000e+02 2.38498840217151e+23 1.82777946682532e+21 1.58287513383671e+22 
5.00215393371861e+00 3.77000000000000e+02 2.38498840216963e+23 1.82777946701167e+21 1.58287513383724e+22 
7.13126719648021e+00 3.77000000000000e+02 2.38498840217068e+23 1.82777946692010e+21 1.58287513383461e+22 
2.84223998240962e+01 3.77000000000000e+02 2.38498840217062e+23 1.82777946693189e+21 1.58287513383477e+22 
4.97135324517122e+01 3.77000000000000e+02 2.38498840217055e+23 1.82777946693406e+21 1.58287513383479e+22 
7.10046650793282e+01 3.77000000000000e+02 2.38498840217050e+23 1.82777946693448e+21 1.58287513383478e+22 
1.71004665079328e+02 3.77000000000000e+02 2.38498840217036e+23 1.82777946693466e+21 1.58287513383473e+22 
2.71004665079328e+02 3.77000000000000e+02 2.38498840217015e+23 1.82777946693466e+21 1.58287513383466e+22 
3.71004665079328e+02 3.77000000000000e+02 2.38498840217025e+23 1.82777946693461e+21 1.58287513383471e+22 
4.71004665079328e+02 3.77000000000000e+02 2.38498840217034e+23 1.82777946693462e+21 1.58287513383473e+22 
5.71004665079328e+02 3.77000000000000e+02 2.38498840216995e+23 1.82777946693477e+21 1.58287513383458e+22 
6.71004665079328e+02 3.77000000000000e+02 2.38498840216963e+23 1.82777946693481e+21 1.58287513383448e+22 
7.71004665079328e+02 3.77000000000000e+02 2.38498840216965e+23 1.82777946693478e+21 1.58287513383450e+22 
8.71004665079328e+02 3.77000000000000e+02 2.38498840216996e+23 1.82777946693470e+21 1.58287513383460e+22 
9.71004665079328e+02 3.77000000000000e+02 2.38498840217005e+23 1.82777946693472e+21 1.58287513383462e+22 
1.00000000000000e+03 3.77000000000000e+02 2.38498840217004e+23 1.82777946693470e+21 1.58287513383462e+22 
