Time(s)              GasTemp(K)           [O2(X)](m^-3)        [O2(a)](m^-3)        [O(3P)](m^-3)       
0.00000000000000e+00 3.77000000000000e+02 4.95044103161297e+22 0.00000000000000e+00 0.00000000000000e+00 
1.86489625056471e-16 3.77000000000000e+02 4.95044103161295e+22 9.23497624911480e+07 2.75427030080271e+08 
3.72979250112943e-16 3.77000000000000e+02 4.95044103161292e+22 1.84699524982294e+08 5.50854060160519e+08 
5.59468875169414e-16 3.77000000000000e+02 4.95044103161290e+22 2.77049287473437e+08 8.26281090240744e+08 
2.42436512573413e-15 3.77000000000000e+02 4.95044103161267e+22 1.20054691238468e+09 3.58055139104095e+09 
4.28926137629884e-15 3.77000000000000e+02 4.95044103161244e+22 2.12404453729571e+09 6.33482169183885e+09 
6.15415762686355e-15 3.77000000000000e+02 4.95044103161221e+22 3.04754216220652e+09 9.08909199263438e+09 
2.48031201325107e-14 3.77000000000000e+02 4.95044103160991e+22 1.22825184112955e+10 3.66317950003860e+10 
4.34520826381578e-14 3.77000000000000e+02 4.95044103160761e+22 2.15174946603628e+10 6.41744980079060e+10 
6.21010451438049e-14 3.77000000000000e+02 4.95044103160531e+22 3.07524709094081e+10 9.17172010151898e+10 
2.48590670200276e-13 3.77000000000000e+02 4.95044103158230e+22 1.23102233397954e+11 3.67144231067664e+11 
4.35080295256748e-13 3.77000000000000e+02 4.95044103155930e+22 2.15451995884330e+11 6.42571261096965e+11 
6.21569920313219e-13 3.77000000000000e+02 4.95044103153629e+22 3.07801758368496e+11 9.17998291102653e+11 
2.48646617087793e-12 3.77000000000000e+02 4.95044103130623e+22 1.23129938301953e+12 3.67226858912319e+12 
4.35136242144264e-12 3.77000000000000e+02 4.95044103107616e+22 2.15479700745363e+12 6.42653888482633e+12 
6.21625867200736e-12 3.77000000000000e+02 4.95044103084610e+22 3.07829463166668e+12 9.18080917816820e+12 
2.48652211776545e-11 3.77000000000000e+02 4.95044102854547e+22 1.23132708547345e+13 3.67235119079523e+13 
4.35141836833016e-11 3.77000000000000e+02 4.95044102624483e+22 2.15482470561086e+13 6.42662144059972e+13 
6.21631461889487e-11 3.77000000000000e+02 4.95044102394420e+22 3.07832232353784e+13 9.18089166679152e+13 
2.48652771245420e-10 3.77000000000000e+02 4.95044100093787e+22 1.23132983121805e+14 3.67235918923639e+14 
4.35142396301891e-10 3.77000000000000e+02 4.95044097793155e+22 2.15482740838865e+14 6.42662898005442e+14 
6.21632021358363e-10 3.77000000000000e+02 4.95044095492523e+22 3.07832496345486e+14 9.18089853474560e+14 
2.48652827192308e-09 3.77000000000000e+02 4.95044072486211e+22 1.23132986078454e+15 3.67235737182206e+15 
4.35142452248779e-09 3.77000000000000e+02 4.95044049479914e+22 2.15482700828688e+15 6.42662257277943e+15 
6.21632077305250e-09 3.77000000000000e+02 4.95044026473630e+22 3.07832393474508e+15 9.18088541247361e+15 
2.48652832786996e-08 3.77000000000000e+02 4.95043796412005e+22 1.23132741365819e+16 3.67233101769454e+16 
4.35142457843468e-08 3.77000000000000e+02 4.95043566351754e+22 2.15482026446222e+16 6.42655032046146e+16 
6.21632082899939e-08 3.77000000000000e+02 4.95043336292906e+22 3.07831090480819e+16 9.18074601112931e+16 
2.48652833346465e-07 3.77000000000000e+02 4.95041035825290e+22 1.23130266778250e+17 3.67206667826776e+17 
4.35142458402937e-07 3.77000000000000e+02 4.95038735495226e+22 2.15475255003571e+17 6.42582704072651e+17 
6.21632083459408e-07 3.77000000000000e+02 4.95036435305303e+22 3.07818032604455e+17 9.17935133546180e+17 
2.48652833402412e-06 3.77000000000000e+02 4.95013440874483e+22 1.23112792052341e+18 3.67020152165259e+18 
4.35142458458883e-06 3.77000000000000e+02 4.94990460357973e+22 2.15421806613894e+18 6.42012453241285e+18 
6.21632083515355e-06 3.77000000000000e+02 4.94967493843616e+22 3.07708686694442e+18 9.16768980237454e+18 
8.08121708571826e-06 3.77000000000000e+02 4.94944541355558e+22 3.99973371438091e+18 1.19128937190203e+19 
2.67301795913654e-05 3.77000000000000e+02 4.94715784856160e+22 1.32139614316763e+19 3.92357381640035e+19 
4.53791420970125e-05 3.77000000000000e+02 4.94488420558262e+22 2.24059010617409e+19 6.63247184834661e+19 
6.40281046026596e-05 3.77000000000000e+02 4.94262439391362e+22 3.15754844191695e+19 9.31817851486151e+19 
8.26770671083068e-05 3.77000000000000e+02 4.94037831875707e+22 4.07226429298117e+19 1.19808971258415e+20 
2.29174147253037e-04 3.77000000000000e+02 4.92320154361715e+22 1.11791637987029e+20 3.21206483942378e+20 
3.75671227397767e-04 3.77000000000000e+02 4.90682260594855e+22 1.81446609625744e+20 5.09475294036786e+20 
5.22168307542497e-04 3.77000000000000e+02 4.89119928792153e+22 2.49667490638053e+20 6.85499892552662e+20 
6.68665387687227e-04 3.77000000000000e+02 4.87629170333294e+22 3.16441541692566e+20 8.50103482215362e+20 
8.15162467831957e-04 3.77000000000000e+02 4.86206220652161e+22 3.81762439528858e+20 1.00405162276943e+21 
1.31253214480542e-03 3.77000000000000e+02 4.81834672180750e+22 5.92699358193807e+20 1.45648747972177e+21 
1.80990182177887e-03 3.77000000000000e+02 4.78082004409709e+22 7.87212983590798e+20 1.81799378313600e+21 
2.30727149875233e-03 3.77000000000000e+02 4.74846642687710e+22 9.66018153735168e+20 2.10745578724705e+21 
2.80464117572579e-03 3.77000000000000e+02 4.72044636713793e+22 1.13003920848603e+21 2.33981487252872e+21 
3.30201085269925e-03 3.77000000000000e+02 4.69606029708268e+22 1.28028891218057e+21 2.52703686624449e+21 
3.79938052967271e-03 3.77000000000000e+02 4.67474109777821e+22 1.41780278213965e+21 2.67839311241596e+21 
4.80462076852066e-03 3.77000000000000e+02 4.63916458945569e+22 1.66091093432643e+21 2.90370697449279e+21 
5.80986100736861e-03 3.77000000000000e+02 4.61137539214840e+22 1.86388205057739e+21 3.05354868813616e+21 
6.81510124621656e-03 3.77000000000000e+02 4.58936230331090e+22 2.03356304399902e+21 3.15444847804218e+21 
7.82034148506451e-03 3.77000000000000e+02 4.57165732949934e+22 2.17565989319037e+21 3.22435425589012e+21 
8.82558172391246e-03 3.77000000000000e+02 4.55721992968972e+22 2.29481408881145e+21 3.27479386083997e+21 
9.83082196276040e-03 3.77000000000000e+02 4.54535097922194e+22 2.39479267214683e+21 3.31221570352471e+21 
1.13817206588814e-02 3.77000000000000e+02 4.53095677341248e+22 2.51849730193446e+21 3.35269056013843e+21 
1.29326193550023e-02 3.77000000000000e+02 4.52012510069212e+22 2.61313855249692e+21 3.38004151342063e+21 
1.44835180511232e-02 3.77000000000000e+02 4.51195147101758e+22 2.68556516500468e+21 3.39866088189565e+21 
1.60344167472442e-02 3.77000000000000e+02 4.50577109603995e+22 2.74096851999124e+21 3.41146167147487e+21 
1.75853154433651e-02 3.77000000000000e+02 4.50104585102721e+22 2.78341934674516e+21 3.42106491822137e+21 
1.91362141394861e-02 3.77000000000000e+02 4.49739108651944e+22 2.81602284291715e+21 3.42895321603267e+21 
2.19147425493337e-02 3.77000000000000e+02 4.49290293090720e+22 2.85612947552107e+21 3.43850306306951e+21 
2.46932709591812e-02 3.77000000000000e+02 4.49012815372984e+22 2.88101500877932e+21 3.44422754009778e+21 
2.74717993690288e-02 3.77000000000000e+02 4.48839284173032e+22 2.89667471497147e+21 3.44761436769972e+21 
3.02503277788764e-02 3.77000000000000e+02 4.48730008588319e+22 2.90655439673330e+21 3.44971012111494e+21 
3.30288561887239e-02 3.77000000000000e+02 4.48661471603142e+22 2.91273005164450e+21 3.45106620832563e+21 
3.80126301854990e-02 3.77000000000000e+02 4.48600801768638e+22 2.91818564330667e+21 3.45228899190027e+21 
4.29964041822741e-02 3.77000000000000e+02 4.48574381258351e+22 2.92055475305709e+21 3.45283487445304e+21 
4.79801781790492e-02 3.77000000000000e+02 4.48560636877184e+22 2.92179429587559e+21 3.45310466504360e+21 
5.29639521758243e-02 3.77000000000000e+02 4.48553520987917e+22 2.92243936052928e+21 3.45323771358485e+21 
5.79477261725994e-02 3.77000000000000e+02 4.48550626671247e+22 2.92270064286211e+21 3.45329401225089e+21 
7.46865238335983e-02 3.77000000000000e+02 4.48547727239544e+22 2.92296125111026e+21 3.45335268209121e+21 
9.14253214945973e-02 3.77000000000000e+02 4.48549217317529e+22 2.92282637791466e+21 3.45332441289179e+21 
1.08164119155596e-01 3.77000000000000e+02 4.48549725916918e+22 2.92278064140882e+21 3.45331416603116e+21 
1.24902916816595e-01 3.77000000000000e+02 4.48549580086733e+22 2.92279380825302e+21 3.45331699838175e+21 
2.86508726044778e-01 3.77000000000000e+02 4.48549430988677e+22 2.92280722280660e+21 3.45331998888884e+21 
4.48114535272960e-01 3.77000000000000e+02 4.48549433383976e+22 2.92280700472072e+21 3.45331994600042e+21 
6.09720344501143e-01 3.77000000000000e+02 4.48549434026471e+22 2.92280694826571e+21 3.45331993041157e+21 
2.22577843678297e+00 3.77000000000000e+02 4.48549434045788e+22 2.92280694654216e+21 3.45331992999466e+21 
3.84183652906479e+00 3.77000000000000e+02 4.48549434041587e+22 2.92280694691754e+21 3.45331993008423e+21 
5.45789462134662e+00 3.77000000000000e+02 4.48549434041637e+22 2.92280694691274e+21 3.45331993008379e+21 
2.16184755441649e+01 3.77000000000000e+02 4.48549434041646e+22 2.92280694691371e+21 3.45331993008403e+21 
3.77790564669831e+01 3.77000000000000e+02 4.48549434041658e+22 2.92280694691375e+21 3.45331993008411e+21 
5.39396373898014e+01 3.77000000000000e+02 4.48549434041672e+22 2.92280694691380e+21 3.45331993008421e+21 
1.53939637389801e+02 3.77000000000000e+02 4.48549434041660e+22 2.92280694691376e+21 3.45331993008412e+21 
2.53939637389801e+02 3.77000000000000e+02 4.48549434041751e+22 2.92280694691408e+21 3.45331993008476e+21 
3.53939637389801e+02 3.77000000000000e+02 4.48549434041818e+22 2.92280694691429e+21 3.45331993008522e+21 
4.53939637389801e+02 3.77000000000000e+02 4.48549434041789e+22 2.92280694691418e+21 3.45331993008502e+21 
5.53939637389801e+02 3.77000000000000e+02 4.48549434041850e+22 2.92280694691441e+21 3.45331993008545e+21 
6.53939637389801e+02 3.77000000000000e+02 4.48549434041768e+22 2.92280694691410e+21 3.45331993008487e+21 
7.53939637389801e+02 3.77000000000000e+02 4.48549434041820e+22 2.92280694691432e+21 3.45331993008524e+21 
8.53939637389801e+02 3.77000000000000e+02 4.48549434041922e+22 2.92280694691464e+21 3.45331993008595e+21 
9.53939637389801e+02 3.77000000000000e+02 4.48549434041885e+22 2.92280694691450e+21 3.45331993008568e+21 
1.00000000000000e+03 3.77000000000000e+02 4.48549434041876e+22 2.92280694691448e+21 3.45331993008563e+21 
