Time(s)              GasTemp(K)           [O2(X)](m^-3)        [O2(a)](m^-3)        [O(3P)](m^-3)       
0.00000000000000e+00 3.77000000000000e+02 2.41878641228340e+23 0.00000000000000e+00 0.00000000000000e+00 
4.04684219607561e-17 3.77000000000000e+02 2.41878641228339e+23 1.27268407963937e+08 6.69855528603532e+08 
8.09368439215121e-17 3.77000000000000e+02 2.41878641228339e+23 2.54536815927873e+08 1.33971105720705e+09 
1.21405265882268e-16 3.77000000000000e+02 2.41878641228339e+23 3.81805223891809e+08 2.00956658581057e+09 
5.26089485489829e-16 3.77000000000000e+02 2.41878641228334e+23 1.65448930353110e+09 8.70812187184485e+09 
9.30773705097389e-16 3.77000000000000e+02 2.41878641228329e+23 2.92717338317031e+09 1.54066771578782e+10 
1.33545792470495e-15 3.77000000000000e+02 2.41878641228325e+23 4.19985746280944e+09 2.21052324439105e+10 
5.38230012078056e-15 3.77000000000000e+02 2.41878641228278e+23 1.69266982591942e+10 8.90907853041489e+10 
9.42914231685616e-15 3.77000000000000e+02 2.41878641228232e+23 2.96535390555713e+10 1.56076338164291e+11 
1.34759845129318e-14 3.77000000000000e+02 2.41878641228186e+23 4.23803798519408e+10 2.23061891024334e+11 
5.39444064736878e-14 3.77000000000000e+02 2.41878641227724e+23 1.69648787814971e+11 8.92917419616280e+11 
9.44128284344439e-14 3.77000000000000e+02 2.41878641227262e+23 2.96917195777246e+11 1.56277294819857e+12 
1.34881250395200e-13 3.77000000000000e+02 2.41878641226799e+23 4.24185603738751e+11 2.23262847677101e+12 
5.39565470002760e-13 3.77000000000000e+02 2.41878641222177e+23 1.69686968328739e+12 8.93118376164671e+12 
9.44249689610321e-13 3.77000000000000e+02 2.41878641217555e+23 2.96955376276045e+12 1.56297390455565e+13 
1.34893390921788e-12 3.77000000000000e+02 2.41878641212934e+23 4.24223784215650e+12 2.23282943284821e+13 
5.39577610529349e-12 3.77000000000000e+02 2.41878641166714e+23 1.69690786294760e+13 8.93138470728619e+13 
9.44261830136909e-12 3.77000000000000e+02 2.41878641120494e+23 2.96959194092380e+13 1.56299399720651e+14 
1.34894604974447e-11 3.77000000000000e+02 2.41878641074275e+23 4.24227601812993e+13 2.23284952270022e+14 
5.39578824582008e-11 3.77000000000000e+02 2.41878640612079e+23 1.69691167237811e+14 8.93140469276108e+14 
9.44263044189568e-11 3.77000000000000e+02 2.41878640149882e+23 2.96959573538565e+14 1.56299597662316e+15 
1.34894726379713e-10 3.77000000000000e+02 2.41878639687686e+23 4.24227979069252e+14 2.23285147412829e+15 
5.39578945987273e-10 3.77000000000000e+02 2.41878635065725e+23 1.69691196796593e+15 8.93140560041793e+15 
9.44263165594834e-10 3.77000000000000e+02 2.41878630443765e+23 2.96959588128672e+15 1.56299587608037e+16 
1.34894738520239e-09 3.77000000000000e+02 2.41878625821805e+23 4.24227971760059e+15 2.23285109369974e+16 
5.39578958127800e-09 3.77000000000000e+02 2.41878579602255e+23 1.69691114396600e+16 8.93139478227082e+16 
9.44263177735361e-09 3.77000000000000e+02 2.41878533382760e+23 2.96959356039840e+16 1.56299288117737e+17 
1.34894739734292e-08 3.77000000000000e+02 2.41878487163323e+23 4.24227520673867e+16 2.23284529993223e+17 
5.39578959341853e-08 3.77000000000000e+02 2.41878024973857e+23 1.69690252533277e+17 8.93128461068635e+17 
9.44263178949413e-08 3.77000000000000e+02 2.41877562789976e+23 2.96956997080105e+17 1.56296273279376e+18 
1.34894739855697e-07 3.77000000000000e+02 2.41877100611788e+23 4.24222971304511e+17 2.23278716222859e+18 
5.39578959463258e-07 3.77000000000000e+02 2.41872479320788e+23 1.69681623655110e+18 8.93018263176983e+18 
9.44263179070819e-07 3.77000000000000e+02 2.41867858588633e+23 2.96933376440829e+18 1.56266118843891e+19 
1.34894739867838e-06 3.77000000000000e+02 2.41863238426024e+23 4.24177402987782e+18 2.23220565725146e+19 
5.39578959475399e-06 3.77000000000000e+02 2.41817067224357e+23 1.69620243434238e+19 8.92239592786265e+19 
9.44263179082959e-06 3.77000000000000e+02 2.41770952806858e+23 2.96744899869386e+19 1.56027862990695e+20 
1.34894739869052e-05 3.77000000000000e+02 2.41724895730113e+23 4.23790258309524e+19 2.22732944791827e+20 
1.75363161829808e-05 3.77000000000000e+02 2.41678896300517e+23 5.50755174288200e+19 2.89338820787381e+20 
5.80047381437369e-05 3.77000000000000e+02 2.41222133437648e+23 1.81563777241279e+20 9.49888026902143e+20 
9.84731601044929e-05 3.77000000000000e+02 2.40771319589378e+23 3.07141581446731e+20 1.60036011503119e+21 
1.38941582065249e-04 3.77000000000000e+02 2.40326595184306e+23 4.31724655237761e+20 2.24064277759218e+21 
1.79410004026005e-04 3.77000000000000e+02 2.39888095802614e+23 5.55228792109307e+20 2.87063326723321e+21 
3.93863330020449e-04 3.77000000000000e+02 2.37672162581238e+23 1.18889587142153e+21 6.03516555136081e+21 
6.08316656014892e-04 3.77000000000000e+02 2.35646094568978e+23 1.78077157583695e+21 8.90355016704988e+21 
8.22769982009336e-04 3.77000000000000e+02 2.33815175148510e+23 2.32424775484431e+21 1.14784366499700e+22 
1.03722330800378e-03 3.77000000000000e+02 2.32177555709979e+23 2.81587635171482e+21 1.37704183332912e+22 
1.25167663399822e-03 3.77000000000000e+02 2.30725865444232e+23 3.25485857504083e+21 1.57958344181331e+22 
1.59440841516265e-03 3.77000000000000e+02 2.28764416849645e+23 3.85012683371628e+21 1.85281950899558e+22 
1.93714019632708e-03 3.77000000000000e+02 2.27192693256372e+23 4.32600579792111e+21 2.07198843480919e+22 
2.27987197749150e-03 3.77000000000000e+02 2.25948711143312e+23 4.69928476126429e+21 2.24612906475249e+22 
2.62260375865593e-03 3.77000000000000e+02 2.24974269859934e+23 4.98732563240857e+21 2.38340914719926e+22 
2.96533553982035e-03 3.77000000000000e+02 2.24218277485467e+23 5.20602317097717e+21 2.49086811437896e+22 
3.30806732098478e-03 3.77000000000000e+02 2.23636061312851e+23 5.36980987812825e+21 2.57455400747206e+22 
4.10163002803750e-03 3.77000000000000e+02 2.22762406569283e+23 5.60089948142040e+21 2.70306703552715e+22 
4.89519273509022e-03 3.77000000000000e+02 2.22301428796183e+23 5.70855731868431e+21 2.77373102269444e+22 
5.68875544214294e-03 3.77000000000000e+02 2.22065859451667e+23 5.75374564421767e+21 2.81180722649124e+22 
6.48231814919566e-03 3.77000000000000e+02 2.21947239758828e+23 5.76957681104397e+21 2.83236493169402e+22 
7.27588085624837e-03 3.77000000000000e+02 2.21890947643888e+23 5.77120653710720e+21 2.84329740946938e+22 
8.06944356330109e-03 3.77000000000000e+02 2.21867994110100e+23 5.76653279706366e+21 2.84882286423581e+22 
9.09559596475448e-03 3.77000000000000e+02 2.21858136892780e+23 5.75963184185738e+21 2.85217449874108e+22 
1.01217483662079e-02 3.77000000000000e+02 2.21856353961941e+23 5.75445858759088e+21 2.85356573576224e+22 
1.11479007676613e-02 3.77000000000000e+02 2.21855683369563e+23 5.75115480296702e+21 2.85436061116269e+22 
1.21740531691146e-02 3.77000000000000e+02 2.21853337057246e+23 5.74966473289097e+21 2.85512788764121e+22 
1.32002055705680e-02 3.77000000000000e+02 2.21851532387015e+23 5.74908841541736e+21 2.85560408518203e+22 
1.42263579720214e-02 3.77000000000000e+02 2.21853117237682e+23 5.74805763795479e+21 2.85549327054120e+22 
1.52525103734748e-02 3.77000000000000e+02 2.21855576234906e+23 5.74683977701948e+21 2.85524504328338e+22 
1.67437215567011e-02 3.77000000000000e+02 2.21859247067571e+23 5.74517402659471e+21 2.85484402683562e+22 
1.82349327399274e-02 3.77000000000000e+02 2.21856612178152e+23 5.74590968822412e+21 2.85522387239363e+22 
1.97261439231537e-02 3.77000000000000e+02 2.21854713485386e+23 5.74641663784356e+21 2.85550222102291e+22 
2.12173551063800e-02 3.77000000000000e+02 2.21853471058343e+23 5.74690000567400e+21 2.85565403286525e+22 
2.27085662896063e-02 3.77000000000000e+02 2.21851922443361e+23 5.74767899153974e+21 2.85580795868824e+22 
2.41997774728326e-02 3.77000000000000e+02 2.21851407739968e+23 5.74796324923074e+21 2.85585404782859e+22 
2.72842038073383e-02 3.77000000000000e+02 2.21853226386450e+23 5.74724825123530e+21 2.85563331813092e+22 
3.03686301418439e-02 3.77000000000000e+02 2.21855441703673e+23 5.74621149365371e+21 2.85539760620187e+22 
3.34530564763495e-02 3.77000000000000e+02 2.21855845936269e+23 5.74597940403619e+21 2.85536317760582e+22 
3.65374828108552e-02 3.77000000000000e+02 2.21855412813266e+23 5.74617642599600e+21 2.85541039781464e+22 
3.96219091453608e-02 3.77000000000000e+02 2.21855232695692e+23 5.74627935728817e+21 2.85542583507130e+22 
5.10638748246103e-02 3.77000000000000e+02 2.21854507428574e+23 5.74666315040308e+21 2.85549412987435e+22 
6.25058405038598e-02 3.77000000000000e+02 2.21855574159544e+23 5.74612339317128e+21 2.85538873511849e+22 
7.39478061831093e-02 3.77000000000000e+02 2.21855665734289e+23 5.74606008935481e+21 2.85538308092336e+22 
8.53897718623588e-02 3.77000000000000e+02 2.21855356707615e+23 5.74622129907150e+21 2.85541264431157e+22 
9.68317375416083e-02 3.77000000000000e+02 2.21855330267259e+23 5.74624142876757e+21 2.85541390644387e+22 
1.42146005637116e-01 3.77000000000000e+02 2.21855189709849e+23 5.74632345238766e+21 2.85542561321693e+22 
1.87460273732623e-01 3.77000000000000e+02 2.21855475429069e+23 5.74615537676596e+21 2.85540208447853e+22 
2.32774541828130e-01 3.77000000000000e+02 2.21855405260203e+23 5.74619695380388e+21 2.85540780281846e+22 
2.78088809923637e-01 3.77000000000000e+02 2.21855366887147e+23 5.74622136826933e+21 2.85541059452516e+22 
3.23403078019144e-01 3.77000000000000e+02 2.21855376943016e+23 5.74621509170067e+21 2.85540983866435e+22 
7.76545758974216e-01 3.77000000000000e+02 2.21855374442007e+23 5.74621668361511e+21 2.85541002039640e+22 
1.22968843992929e+00 3.77000000000000e+02 2.21855377791389e+23 5.74621419901100e+21 2.85540984741793e+22 
1.68283112088436e+00 3.77000000000000e+02 2.21855376494459e+23 5.74621529227283e+21 2.85540988814861e+22 
2.13597380183943e+00 3.77000000000000e+02 2.21855376466193e+23 5.74621531617522e+21 2.85540988902216e+22 
6.66740061139015e+00 3.77000000000000e+02 2.21855376465804e+23 5.74621531618328e+21 2.85540988907203e+22 
1.11988274209409e+01 3.77000000000000e+02 2.21855376480950e+23 5.74621530040576e+21 2.85540988919487e+22 
1.57302542304916e+01 3.77000000000000e+02 2.21855376472803e+23 5.74621531023751e+21 2.85540988885847e+22 
2.02616810400423e+01 3.77000000000000e+02 2.21855376472778e+23 5.74621531026205e+21 2.85540988885874e+22 
6.55759491355495e+01 3.77000000000000e+02 2.21855376472810e+23 5.74621531026012e+21 2.85540988885866e+22 
1.10890217231057e+02 3.77000000000000e+02 2.21855376472850e+23 5.74621531021786e+21 2.85540988885478e+22 
1.56204485326564e+02 3.77000000000000e+02 2.21855376472777e+23 5.74621531025426e+21 2.85540988885852e+22 
2.01518753422071e+02 3.77000000000000e+02 2.21855376472751e+23 5.74621531025427e+21 2.85540988885838e+22 
3.01518753422071e+02 3.77000000000000e+02 2.21855376472736e+23 5.74621531025423e+21 2.85540988885830e+22 
4.01518753422071e+02 3.77000000000000e+02 2.21855376472591e+23 5.74621531025406e+21 2.85540988885753e+22 
5.01518753422071e+02 3.77000000000000e+02 2.21855376472454e+23 5.74621531025391e+21 2.85540988885681e+22 
6.01518753422071e+02 3.77000000000000e+02 2.21855376472302e+23 5.74621531025374e+21 2.85540988885601e+22 
7.01518753422071e+02 3.77000000000000e+02 2.21855376472142e+23 5.74621531025355e+21 2.85540988885517e+22 
8.01518753422071e+02 3.77000000000000e+02 2.21855376472075e+23 5.74621531025348e+21 2.85540988885481e+22 
9.01518753422071e+02 3.77000000000000e+02 2.21855376472022e+23 5.74621531025342e+21 2.85540988885454e+22 
1.00000000000000e+03 3.77000000000000e+02 2.21855376471946e+23 5.74621531025333e+21 2.85540988885413e+22 
