Time(s)              GasTemp(K)           [O2(X)](m^-3)        [O2(a)](m^-3)        [O(3P)](m^-3)       
0.00000000000000e+00 3.77000000000000e+02 2.41796548779220e+23 0.00000000000000e+00 0.00000000000000e+00 
4.30898659626073e-17 3.77000000000000e+02 2.41796548779219e+23 2.60298024391880e+08 5.68408335269619e+08 
8.61797319252146e-17 3.77000000000000e+02 2.41796548779218e+23 5.20596048783759e+08 1.13681667053924e+09 
1.29269597887822e-16 3.77000000000000e+02 2.41796548779218e+23 7.80894073175636e+08 1.70522500580885e+09 
5.60168257513895e-16 3.77000000000000e+02 2.41796548779213e+23 3.38387431709424e+09 7.38930835850476e+09 
9.91066917139968e-16 3.77000000000000e+02 2.41796548779207e+23 5.98685456101267e+09 1.30733917112004e+10 
1.42196557676604e-15 3.77000000000000e+02 2.41796548779202e+23 8.58983480493091e+09 1.87574750638958e+10 
5.73095217302677e-15 3.77000000000000e+02 2.41796548779147e+23 3.46196372440973e+10 7.55983085908269e+10 
1.00399387692875e-14 3.77000000000000e+02 2.41796548779093e+23 6.06494396832454e+10 1.32439142117732e+11 
1.43489253655482e-14 3.77000000000000e+02 2.41796548779038e+23 8.66792421223750e+10 1.89279975644611e+11 
5.74387913281555e-14 3.77000000000000e+02 2.41796548778494e+23 3.46977266512070e+11 7.57688310911119e+11 
1.00528657290763e-13 3.77000000000000e+02 2.41796548777949e+23 6.07275290899942e+11 1.32609664617503e+12 
1.43618523253370e-13 3.77000000000000e+02 2.41796548777405e+23 8.67573315285958e+11 1.89450498143631e+12 
5.74517182879443e-13 3.77000000000000e+02 2.41796548771960e+23 3.47055355898600e+12 7.57858833382114e+12 
1.00541584250552e-12 3.77000000000000e+02 2.41796548766515e+23 6.07353380250383e+12 1.32626716859466e+13 
1.43631450213159e-12 3.77000000000000e+02 2.41796548761070e+23 8.67651404583599e+12 1.89467550378078e+13 
5.74530109839232e-12 3.77000000000000e+02 2.41796548706620e+23 3.47063164631459e+13 7.57875885336305e+13 
1.00542876946531e-11 3.77000000000000e+02 2.41796548652169e+23 6.07361188622344e+13 1.32628422003518e+14 
1.43632742909138e-11 3.77000000000000e+02 2.41796548597719e+23 8.67659212427562e+13 1.89469255446980e+14 
5.74531402535211e-11 3.77000000000000e+02 2.41796548053217e+23 3.47063943446807e+14 7.57877587602640e+14 
1.00543006216128e-10 3.77000000000000e+02 2.41796547508715e+23 6.07361963828702e+14 1.32628591716481e+15 
1.43632872178736e-10 3.77000000000000e+02 2.41796546964213e+23 8.67659982353942e+14 1.89469424408439e+15 
5.74531531804809e-10 3.77000000000000e+02 2.41796541519191e+23 3.47064000748896e+15 7.57877728538412e+15 
1.00543019143088e-09 3.77000000000000e+02 2.41796536074170e+23 6.07361985040722e+15 1.32628600673344e+16 
1.43632885105696e-09 3.77000000000000e+02 2.41796530629149e+23 8.67659950765789e+15 1.89469425850245e+16 
5.74531544731769e-09 3.77000000000000e+02 2.41796476178967e+23 3.47063800678847e+16 7.57877449721071e+16 
1.00543020435784e-08 3.77000000000000e+02 2.41796421728816e+23 6.07361424051549e+16 1.32628521423734e+17 
1.43632886398391e-08 3.77000000000000e+02 2.41796367278698e+23 8.67658861736269e+16 1.89469271448527e+17 
5.74531546024465e-08 3.77000000000000e+02 2.41795822780251e+23 3.47061722088771e+17 7.57874492499914e+17 
1.00543020565054e-07 3.77000000000000e+02 2.41795278284925e+23 6.07355734428142e+17 1.32627711949586e+18 
1.43632886527661e-07 3.77000000000000e+02 2.41794733792780e+23 8.67647887848861e+17 1.89467710299569e+18 
5.74531546153734e-07 3.77000000000000e+02 2.41789289146114e+23 3.47040870361262e+18 7.57844880362903e+18 
1.00543020577981e-06 3.77000000000000e+02 2.41783844813043e+23 6.07298588197124e+18 1.32619605890020e+19 
1.43632886540588e-06 3.77000000000000e+02 2.41778400800483e+23 8.67537513052945e+18 1.89452072122226e+19 
5.74531546166661e-06 3.77000000000000e+02 2.41723988801018e+23 3.46826554020998e+19 7.57546455999485e+19 
1.00543020579273e-05 3.77000000000000e+02 2.41669609692233e+23 6.06702950212145e+19 1.32537583930433e+20 
1.43632886541881e-05 3.77000000000000e+02 2.41615265068253e+23 8.66371127816643e+19 1.89293196369680e+20 
3.77763603610662e-05 3.77000000000000e+02 2.41320611253864e+23 2.27334617799298e+20 4.97205815112145e+20 
6.11894320679444e-05 3.77000000000000e+02 2.41027148401188e+23 3.67270115867258e+20 8.04260524329041e+20 
8.46025037748226e-05 3.77000000000000e+02 2.40735040375104e+23 5.06310262564791e+20 1.11039628310238e+21 
1.08015575481701e-04 3.77000000000000e+02 2.40444446433760e+23 6.44323850684058e+20 1.41555698955005e+21 
2.30651944915703e-04 3.77000000000000e+02 2.38952582221018e+23 1.34590416321836e+21 2.99612478996586e+21 
3.53288314349706e-04 3.77000000000000e+02 2.37525704081242e+23 2.00007659904875e+21 4.54153619785845e+21 
4.75924683783709e-04 3.77000000000000e+02 2.36180061792151e+23 2.59377395630771e+21 6.04542606152240e+21 
5.98561053217712e-04 3.77000000000000e+02 2.34927693035786e+23 3.11772000337093e+21 7.50227148012548e+21 
7.21197422651714e-04 3.77000000000000e+02 2.33776351464672e+23 3.56649981436586e+21 8.90739500036185e+21 
1.01793983402797e-03 3.77000000000000e+02 2.31425470135868e+23 4.33524370181223e+21 1.20716698830769e+22 
1.31468224540424e-03 3.77000000000000e+02 2.29658149912171e+23 4.69953900915353e+21 1.48777197157889e+22 
1.55969647658914e-03 3.77000000000000e+02 2.28567900738959e+23 4.76985074325428e+21 1.69175945940110e+22 
1.80471070777405e-03 3.77000000000000e+02 2.27740843210257e+23 4.69946935023169e+21 1.87124724374585e+22 
2.04972493895895e-03 3.77000000000000e+02 2.27115197057563e+23 4.54377917688306e+21 2.02751450895428e+22 
2.29473917014386e-03 3.77000000000000e+02 2.26638490598728e+23 4.34647557359871e+21 2.16231652137821e+22 
2.53975340132876e-03 3.77000000000000e+02 2.26269615839184e+23 4.13859161841153e+21 2.27766826432446e+22 
2.78476763251367e-03 3.77000000000000e+02 2.25977852256533e+23 3.94007780619891e+21 2.37572374329728e+22 
3.16727094112719e-03 3.77000000000000e+02 2.25628247897564e+23 3.67235009360612e+21 2.49919015760953e+22 
3.54977424974070e-03 3.77000000000000e+02 2.25366461532669e+23 3.46432653412511e+21 2.59315214248474e+22 
3.93227755835422e-03 3.77000000000000e+02 2.25166923795703e+23 3.30901921238112e+21 2.66412115422681e+22 
4.31478086696774e-03 3.77000000000000e+02 2.25014597681161e+23 3.19488011886667e+21 2.71741419583804e+22 
4.69728417558126e-03 3.77000000000000e+02 2.24899175957189e+23 3.11109685193884e+21 2.75725519401792e+22 
5.07978748419477e-03 3.77000000000000e+02 2.24811224971320e+23 3.05068010250480e+21 2.78692874107862e+22 
5.57784540554475e-03 3.77000000000000e+02 2.24726534463951e+23 2.99825380343727e+21 2.81435210236603e+22 
6.07590332689472e-03 3.77000000000000e+02 2.24666303658057e+23 2.96542492304157e+21 2.83296403962393e+22 
6.57396124824469e-03 3.77000000000000e+02 2.24624674177377e+23 2.94377544348665e+21 2.84561983167077e+22 
7.07201916959466e-03 3.77000000000000e+02 2.24597081177858e+23 2.92846155722147e+21 2.85420120882764e+22 
7.57007709094463e-03 3.77000000000000e+02 2.24578049683403e+23 2.91878350687606e+21 2.85994311778772e+22 
8.49121087858446e-03 3.77000000000000e+02 2.24556132589943e+23 2.90821230340466e+21 2.86644077717408e+22 
9.41234466622430e-03 3.77000000000000e+02 2.24545885032423e+23 2.90351905798903e+21 2.86942893776083e+22 
1.03334784538641e-02 3.77000000000000e+02 2.24541441465465e+23 2.90146482034038e+21 2.87072849868192e+22 
1.12546122415040e-02 3.77000000000000e+02 2.24539551542225e+23 2.90055384426430e+21 2.87128867854480e+22 
1.32660365536318e-02 3.77000000000000e+02 2.24538357755126e+23 2.89997713138257e+21 2.87164277854083e+22 
1.52774608657597e-02 3.77000000000000e+02 2.24538042533298e+23 2.89982867612894e+21 2.87173551395729e+22 
1.72888851778875e-02 3.77000000000000e+02 2.24537967647293e+23 2.89979137092675e+21 2.87175795219872e+22 
3.25434038302994e-02 3.77000000000000e+02 2.24537941966874e+23 2.89977742501746e+21 2.87176587746437e+22 
4.77979224827113e-02 3.77000000000000e+02 2.24537947195832e+23 2.89978008210995e+21 2.87176430025429e+22 
6.30524411351231e-02 3.77000000000000e+02 2.24537948137075e+23 2.89978037862467e+21 2.87176405270290e+22 
2.15597627659242e-01 3.77000000000000e+02 2.24537948152539e+23 2.89978039996216e+21 2.87176404534257e+22 
3.68142814183361e-01 3.77000000000000e+02 2.24537948139554e+23 2.89978039434190e+21 2.87176404906351e+22 
5.20688000707479e-01 3.77000000000000e+02 2.24537948139319e+23 2.89978039450226e+21 2.87176404907841e+22 
2.04613986594867e+00 3.77000000000000e+02 2.24537948139345e+23 2.89978039445793e+21 2.87176404908248e+22 
3.57159173118985e+00 3.77000000000000e+02 2.24537948139343e+23 2.89978039445801e+21 2.87176404908244e+22 
5.09704359643104e+00 3.77000000000000e+02 2.24537948139342e+23 2.89978039445781e+21 2.87176404908245e+22 
2.03515622488429e+01 3.77000000000000e+02 2.24537948139368e+23 2.89978039445781e+21 2.87176404908249e+22 
3.56060809012548e+01 3.77000000000000e+02 2.24537948139358e+23 2.89978039445781e+21 2.87176404908247e+22 
5.08605995536667e+01 3.77000000000000e+02 2.24537948139371e+23 2.89978039445781e+21 2.87176404908249e+22 
1.50860599553667e+02 3.77000000000000e+02 2.24537948139375e+23 2.89978039445781e+21 2.87176404908250e+22 
2.50860599553667e+02 3.77000000000000e+02 2.24537948139368e+23 2.89978039445781e+21 2.87176404908249e+22 
3.50860599553667e+02 3.77000000000000e+02 2.24537948139269e+23 2.89978039445784e+21 2.87176404908234e+22 
4.50860599553667e+02 3.77000000000000e+02 2.24537948139261e+23 2.89978039445783e+21 2.87176404908234e+22 
5.50860599553667e+02 3.77000000000000e+02 2.24537948139072e+23 2.89978039445790e+21 2.87176404908205e+22 
6.50860599553667e+02 3.77000000000000e+02 2.24537948138953e+23 2.89978039445790e+21 2.87176404908189e+22 
7.50860599553667e+02 3.77000000000000e+02 2.24537948138848e+23 2.89978039445793e+21 2.87176404908173e+22 
8.50860599553667e+02 3.77000000000000e+02 2.24537948138834e+23 2.89978039445793e+21 2.87176404908172e+22 
9.50860599553667e+02 3.77000000000000e+02 2.24537948138732e+23 2.89978039445797e+21 2.87176404908156e+22 
1.00000000000000e+03 3.77000000000000e+02 2.24537948138681e+23 2.89978039445797e+21 2.87176404908149e+22 
