Time(s)              GasTemp(K)           [O2(X)](m^-3)        [O2(a)](m^-3)        [O(3P)](m^-3)       
0.00000000000000e+00 3.77000000000000e+02 4.81717362814678e+22 0.00000000000000e+00 0.00000000000000e+00 
3.07688262475699e-16 3.77000000000000e+02 4.81717362814676e+22 5.21956874589145e+07 3.02831121961355e+08 
6.15376524951397e-16 3.77000000000000e+02 4.81717362814674e+22 1.04391374917827e+08 6.05662243922696e+08 
9.23064787427096e-16 3.77000000000000e+02 4.81717362814672e+22 1.56587062376736e+08 9.08493365884024e+08 
3.99994741218408e-15 3.77000000000000e+02 4.81717362814652e+22 6.78543936965628e+08 3.93680458549615e+09 
7.07683003694107e-15 3.77000000000000e+02 4.81717362814631e+22 1.20050081155429e+09 6.96511580510696e+09 
1.01537126616981e-14 3.77000000000000e+02 4.81717362814611e+22 1.72245768614270e+09 9.99342702471643e+09 
4.09225389092679e-14 3.77000000000000e+02 4.81717362814408e+22 6.94202643200629e+09 4.02765392206956e+10 
7.16913651568378e-14 3.77000000000000e+02 4.81717362814204e+22 1.21615951778464e+10 7.05596514165433e+10 
1.02460191404408e-13 3.77000000000000e+02 4.81717362814000e+22 1.73811639236627e+10 1.00842763612257e+11 
4.10148453880106e-13 3.77000000000000e+02 4.81717362811964e+22 6.95768513797655e+10 4.03673885557841e+11 
7.17836716355805e-13 3.77000000000000e+02 4.81717362809928e+22 1.21772538833524e+11 7.06505007490278e+11 
1.02552497883150e-12 3.77000000000000e+02 4.81717362807892e+22 1.73968226284895e+11 1.00933612940932e+12 
4.10240760358849e-12 3.77000000000000e+02 4.81717362787531e+22 6.95925100592619e+11 4.03764734744440e+12 
7.17929022834548e-12 3.77000000000000e+02 4.81717362767170e+22 1.21788197466594e+12 7.06595856416473e+12 
1.02561728531025e-11 3.77000000000000e+02 4.81717362746809e+22 1.73983884850041e+12 1.00942697795454e+13 
4.10249991006723e-11 3.77000000000000e+02 4.81717362543197e+22 6.95940756624723e+12 4.03773818178206e+13 
7.17938253482422e-11 3.77000000000000e+02 4.81717362339586e+22 1.21789762605533e+13 7.06604937246194e+13 
1.02562651595812e-10 3.77000000000000e+02 4.81717362135975e+22 1.73985449309749e+13 1.00943605497452e+14 
4.10250914071511e-10 3.77000000000000e+02 4.81717360099863e+22 6.95942295754010e+13 4.03774711672643e+14 
7.17939176547210e-10 3.77000000000000e+02 4.81717358063750e+22 1.21789911875755e+14 7.06605804700186e+14 
1.02562743902291e-09 3.77000000000000e+02 4.81717356027638e+22 1.73985591787656e+14 1.00943688433115e+15 
4.10251006377990e-09 3.77000000000000e+02 4.81717335666524e+22 6.95942184927725e+14 4.03774652532737e+15 
7.17939268853688e-09 3.77000000000000e+02 4.81717315305419e+22 1.21789854366052e+15 7.06605485155920e+15 
1.02562753132939e-08 3.77000000000000e+02 4.81717294944322e+22 1.73985466354792e+15 1.00943618381343e+16 
4.10251015608637e-08 3.77000000000000e+02 4.81717091334145e+22 6.95939526454503e+15 4.03773161729869e+16 
7.17939278084336e-08 3.77000000000000e+02 4.81716887724859e+22 1.21789124247419e+16 7.06601390318373e+16 
1.02562754056003e-07 3.77000000000000e+02 4.81716684116482e+22 1.73984057003706e+16 1.00942827926178e+17 
4.10251016531702e-07 3.77000000000000e+02 4.81714648111070e+22 6.95912786856194e+16 4.03758164223363e+17 
7.17939279007401e-07 3.77000000000000e+02 4.81712612194836e+22 1.21781807518334e+17 7.06560353357250e+17 
1.02562754148310e-06 3.77000000000000e+02 4.81710576369464e+22 1.73969947865370e+17 1.00934914720699e+18 
4.10251016624009e-06 3.77000000000000e+02 4.81690225949445e+22 6.95645390971785e+17 4.03608226468194e+18 
7.17939279099708e-06 3.77000000000000e+02 4.81669884445700e+22 1.21708634647912e+18 7.06150110267429e+18 
1.02562754157541e-05 3.77000000000000e+02 4.81649552022530e+22 1.73828842521192e+18 1.00855815792484e+19 
3.95854270975351e-05 3.77000000000000e+02 4.81456181878764e+22 6.69482808210431e+18 3.88465310186590e+19 
6.89145787793162e-05 3.77000000000000e+02 4.81263629240028e+22 1.16297925125453e+19 6.74871299048396e+19 
9.82437304610973e-05 3.77000000000000e+02 4.81071898386610e+22 1.65430107345165e+19 9.60068641446180e+19 
1.27572882142878e-04 3.77000000000000e+02 4.80880989595628e+22 2.14344152049318e+19 1.24405813400063e+20 
4.20864398960689e-04 3.77000000000000e+02 4.79016472576223e+22 6.91456017694963e+19 4.01886844152097e+20 
7.14155915778500e-04 3.77000000000000e+02 4.77231978995265e+22 1.14672967838423e+20 6.67730828205747e+20 
1.00744743259631e-03 3.77000000000000e+02 4.75525583162601e+22 1.58026916205406e+20 9.22302098004653e+20 
1.30073894941412e-03 3.77000000000000e+02 4.73895175466326e+22 1.99228780151420e+20 1.16597990936767e+21 
2.07217744251177e-03 3.77000000000000e+02 4.69953416940454e+22 2.97603730900628e+20 1.75758171304354e+21 
2.84361593560942e-03 3.77000000000000e+02 4.66480507609952e+22 3.82157492876995e+20 2.28305605519135e+21 
3.61505442870707e-03 3.77000000000000e+02 4.63433169485024e+22 4.53998762753978e+20 2.74884114042298e+21 
4.38649292180472e-03 3.77000000000000e+02 4.60768754410518e+22 5.14374326655060e+20 3.16097302752188e+21 
5.15793141490237e-03 3.77000000000000e+02 4.58446324505323e+22 5.64587452582446e+20 3.52503275670608e+21 
7.06946050411672e-03 3.77000000000000e+02 4.53930416388909e+22 6.53260297327160e+20 4.25086869049960e+21 
8.98098959333107e-03 3.77000000000000e+02 4.50778623076795e+22 7.04626293099590e+20 4.77849536137785e+21 
1.08925186825454e-02 3.77000000000000e+02 4.48591957832367e+22 7.32317496659046e+20 5.16044600314521e+21 
1.28040477717598e-02 3.77000000000000e+02 4.47081227373831e+22 7.45738732966531e+20 5.43574962223832e+21 
1.47155768609741e-02 3.77000000000000e+02 4.46042522186597e+22 7.50865395590768e+20 5.63323733443735e+21 
1.68017540770530e-02 3.77000000000000e+02 4.45279778273602e+22 7.51210146835478e+20 5.78509661454736e+21 
1.88879312931318e-02 3.77000000000000e+02 4.44778761860031e+22 7.48875611793680e+20 5.88996896734487e+21 
2.09741085092107e-02 3.77000000000000e+02 4.44449622923828e+22 7.45699589882888e+20 5.96214879840677e+21 
2.30602857252895e-02 3.77000000000000e+02 4.44232424347561e+22 7.42644512007676e+20 6.01169866941025e+21 
2.51464629413683e-02 3.77000000000000e+02 4.44088891320533e+22 7.40013457631394e+20 6.04566738356844e+21 
2.72326401574472e-02 3.77000000000000e+02 4.43994488825215e+22 7.37816628287693e+20 6.06894154131936e+21 
3.08385047711721e-02 3.77000000000000e+02 4.43901515428324e+22 7.35095963778927e+20 6.09297754971555e+21 
3.44443693848970e-02 3.77000000000000e+02 4.43851064809770e+22 7.33541632072462e+20 6.10617633684044e+21 
3.80502339986219e-02 3.77000000000000e+02 4.43822544346522e+22 7.32675050026195e+20 6.11361359358392e+21 
4.16560986123468e-02 3.77000000000000e+02 4.43810592386650e+22 7.32038678851713e+20 6.11727672790823e+21 
4.52619632260716e-02 3.77000000000000e+02 4.43809641292325e+22 7.31480889878043e+20 6.11858252472077e+21 
5.34701194700141e-02 3.77000000000000e+02 4.43810671326612e+22 7.30944144997804e+20 6.11945000762414e+21 
6.16782757139566e-02 3.77000000000000e+02 4.43813150923243e+22 7.30879089728208e+20 6.11908419883693e+21 
6.98864319578991e-02 3.77000000000000e+02 4.43813796028499e+22 7.30926512679724e+20 6.11886033188239e+21 
7.80945882018416e-02 3.77000000000000e+02 4.43813584722719e+22 7.30954185004618e+20 6.11884724838855e+21 
1.38707338468902e-01 3.77000000000000e+02 4.43813299030557e+22 7.30951809807136e+20 6.11890913721582e+21 
1.99320088735962e-01 3.77000000000000e+02 4.43813291476680e+22 7.30948579695675e+20 6.11891710821420e+21 
2.59932839003022e-01 3.77000000000000e+02 4.43813294713021e+22 7.30948304636479e+20 6.11891701106447e+21 
8.66060341673623e-01 3.77000000000000e+02 4.43813295193870e+22 7.30948328047269e+20 6.11891686807291e+21 
1.47218784434422e+00 3.77000000000000e+02 4.43813295150244e+22 7.30948332092074e+20 6.11891686870861e+21 
2.07831534701483e+00 3.77000000000000e+02 4.43813295148922e+22 7.30948332092894e+20 6.11891686897139e+21 
8.13959037372084e+00 3.77000000000000e+02 4.43813295148975e+22 7.30948332087241e+20 6.11891686897249e+21 
1.42008654004269e+01 3.77000000000000e+02 4.43813295148976e+22 7.30948332087256e+20 6.11891686897204e+21 
2.02621404271329e+01 3.77000000000000e+02 4.43813295148974e+22 7.30948332087255e+20 6.11891686897201e+21 
8.08748906941930e+01 3.77000000000000e+02 4.43813295148964e+22 7.30948332087246e+20 6.11891686897190e+21 
1.41487640961253e+02 3.77000000000000e+02 4.43813295148997e+22 7.30948332087275e+20 6.11891686897227e+21 
2.02100391228313e+02 3.77000000000000e+02 4.43813295149016e+22 7.30948332087292e+20 6.11891686897248e+21 
2.11100391228313e+02 3.77000000000000e+02 4.43813295149015e+22 7.30948332087291e+20 6.11891686897247e+21 
2.20100391228313e+02 3.77000000000000e+02 4.43813295149017e+22 7.30948332087292e+20 6.11891686897249e+21 
2.29100391228313e+02 3.77000000000000e+02 4.43813295149015e+22 7.30948332087291e+20 6.11891686897247e+21 
2.56100391228313e+02 3.77000000000000e+02 4.43813295149013e+22 7.30948332087288e+20 6.11891686897244e+21 
2.83100391228313e+02 3.77000000000000e+02 4.43813295149002e+22 7.30948332087279e+20 6.11891686897232e+21 
3.10100391228313e+02 3.77000000000000e+02 4.43813295149010e+22 7.30948332087287e+20 6.11891686897241e+21 
4.10100391228313e+02 3.77000000000000e+02 4.43813295149005e+22 7.30948332087282e+20 6.11891686897236e+21 
5.10100391228313e+02 3.77000000000000e+02 4.43813295149024e+22 7.30948332087299e+20 6.11891686897257e+21 
6.10100391228313e+02 3.77000000000000e+02 4.43813295149014e+22 7.30948332087290e+20 6.11891686897246e+21 
7.10100391228313e+02 3.77000000000000e+02 4.43813295148943e+22 7.30948332087227e+20 6.11891686897166e+21 
8.10100391228313e+02 3.77000000000000e+02 4.43813295148961e+22 7.30948332087244e+20 6.11891686897187e+21 
9.10100391228313e+02 3.77000000000000e+02 4.43813295148994e+22 7.30948332087272e+20 6.11891686897223e+21 
1.00000000000000e+03 3.77000000000000e+02 4.43813295149017e+22 7.30948332087292e+20 6.11891686897248e+21 
