Time(s)              GasTemp(K)           [O2(X)](m^-3)        [O2(a)](m^-3)        [O(3P)](m^-3)       
0.00000000000000e+00 3.77000000000000e+02 2.42733528802577e+23 0.00000000000000e+00 0.00000000000000e+00 
3.15212269392474e-17 3.77000000000000e+02 2.42733528802576e+23 1.58557032944896e+08 6.45518941140009e+08 
6.30424538784948e-17 3.77000000000000e+02 2.42733528802576e+23 3.17114065889792e+08 1.29103788228001e+09 
9.45636808177422e-17 3.77000000000000e+02 2.42733528802575e+23 4.75671098834687e+08 1.93655682342000e+09 
4.09775950210216e-16 3.77000000000000e+02 2.42733528802571e+23 2.06124142828356e+09 8.39174623481923e+09 
7.24988219602690e-16 3.77000000000000e+02 2.42733528802566e+23 3.64681175773236e+09 1.48469356462177e+10 
1.04020048899516e-15 3.77000000000000e+02 2.42733528802561e+23 5.23238208718108e+09 2.13021250576153e+10 
4.19232318291990e-15 3.77000000000000e+02 2.42733528802513e+23 2.10880853816611e+10 8.58540191715219e+10 
7.34444587684464e-15 3.77000000000000e+02 2.42733528802465e+23 3.69437886761330e+10 1.50405913285349e+11 
1.04965685707694e-14 3.77000000000000e+02 2.42733528802417e+23 5.27994919705967e+10 2.14957807399096e+11 
4.20177955100168e-14 3.77000000000000e+02 2.42733528801935e+23 2.11356524914521e+11 8.60476748529594e+11 
7.35390224492642e-14 3.77000000000000e+02 2.42733528801454e+23 3.69913557857634e+11 1.50599568965216e+12 
1.05060249388512e-13 3.77000000000000e+02 2.42733528800973e+23 5.28470590799922e+11 2.15151463076665e+12 
4.20272518780986e-13 3.77000000000000e+02 2.42733528796160e+23 2.11404092015157e+12 8.60670404121482e+12 
7.35484788173460e-13 3.77000000000000e+02 2.42733528791347e+23 3.69961124942215e+12 1.50618934508701e+13 
1.05069705756593e-12 3.77000000000000e+02 2.42733528786533e+23 5.28518157861014e+12 2.15170828597174e+13 
4.20281975149067e-12 3.77000000000000e+02 2.42733528738402e+23 2.11408848633670e+13 8.60689768785172e+13 
7.35494244541541e-12 3.77000000000000e+02 2.42733528690270e+23 3.69965881400178e+13 1.50620870818027e+14 
1.05070651393402e-11 3.77000000000000e+02 2.42733528642138e+23 5.28522914084089e+13 2.15172764676746e+14 
4.20282920785876e-11 3.77000000000000e+02 2.42733528160822e+23 2.11409323380018e+14 8.60691696296551e+14 
7.35495190178350e-11 3.77000000000000e+02 2.42733527679505e+23 3.69966354541016e+14 1.50621061998737e+15 
1.05070745957082e-10 3.77000000000000e+02 2.42733527198189e+23 5.28523384876055e+14 2.15172953559908e+15 
4.20283015349556e-10 3.77000000000000e+02 2.42733522385024e+23 2.11409361699614e+15 8.60691799497778e+15 
7.35495284742030e-10 3.77000000000000e+02 2.42733517571860e+23 3.69966376805498e+15 1.50621056614573e+16 
1.05070755413450e-09 3.77000000000000e+02 2.42733512758697e+23 5.28523383651771e+15 2.15172925200250e+16 
4.20283024805924e-09 3.77000000000000e+02 2.42733464627104e+23 2.11409273980625e+16 8.60690914317017e+16 
7.35495294198398e-09 3.77000000000000e+02 2.42733416495559e+23 3.69966128533566e+16 1.50620811052968e+17 
1.05070756359087e-08 3.77000000000000e+02 2.42733368364062e+23 5.28522900488406e+16 2.15172449882346e+17 
4.20283025751561e-08 3.77000000000000e+02 2.42732887053292e+23 2.11408349643404e+17 8.60681870612226e+17 
7.35495295144035e-08 3.77000000000000e+02 2.42732405747298e+23 3.69963598487027e+17 1.50618336181343e+18 
1.05070756453651e-07 3.77000000000000e+02 2.42731924446169e+23 5.28518021150294e+17 2.15167677312551e+18 
4.20283025846125e-07 3.77000000000000e+02 2.42727111854634e+23 2.11399095974093e+18 8.60591396600511e+18 
7.35495295238599e-07 3.77000000000000e+02 2.42722299741020e+23 3.69938269740807e+18 1.50593577186107e+19 
1.05070756463107e-06 3.77000000000000e+02 2.42717488114568e+23 5.28469161779668e+18 2.15119927826180e+19 
4.20283025855581e-06 3.77000000000000e+02 2.42669397903223e+23 2.11333367108029e+19 8.59951252866970e+19 
7.35495295248055e-06 3.77000000000000e+02 2.42621356358456e+23 3.69736595013049e+19 1.50397569239394e+20 
1.05070756464053e-05 3.77000000000000e+02 2.42573364038410e+23 5.28055231908340e+19 2.14718481952762e+20 
1.36591983403300e-05 3.77000000000000e+02 2.42525421291057e+23 6.86288246917247e+19 2.78957373656188e+20 
4.51804252795774e-05 3.77000000000000e+02 2.42048802871314e+23 2.26361133711964e+20 9.16729595102879e+20 
7.67016522188248e-05 3.77000000000000e+02 2.41577394792161e+23 3.83144893332948e+20 1.54597823416663e+21 
1.08222879158072e-04 3.77000000000000e+02 2.41111393495775e+23 5.38906407212667e+20 2.16645779917870e+21 
1.39744106097320e-04 3.77000000000000e+02 2.40650991633743e+23 6.93571712731481e+20 2.77793091220425e+21 
3.12356848863349e-04 3.77000000000000e+02 2.38235496932819e+23 1.51837456102405e+21 5.95931461746892e+21 
4.84969591629378e-04 3.77000000000000e+02 2.36013820788616e+23 2.29897066331562e+21 8.84147470129046e+21 
6.57582334395407e-04 3.77000000000000e+02 2.33997532629900e+23 3.02865600148847e+21 1.14146803423768e+22 
8.30195077161437e-04 3.77000000000000e+02 2.32187913778816e+23 3.70378455609697e+21 1.36836609353277e+22 
1.00280781992747e-03 3.77000000000000e+02 2.30577875848554e+23 4.32339857303120e+21 1.56645087619835e+22 
1.28054445483684e-03 3.77000000000000e+02 2.28374995975158e+23 5.20687698745924e+21 1.83033116799199e+22 
1.55828108974621e-03 3.77000000000000e+02 2.26597395083921e+23 5.95851227564734e+21 2.03552428860171e+22 
1.83601772465558e-03 3.77000000000000e+02 2.25176283826155e+23 6.59268619642714e+21 2.19291175599899e+22 
2.11375435956495e-03 3.77000000000000e+02 2.24045315837349e+23 7.12575679799772e+21 2.31249123344598e+22 
2.39149099447432e-03 3.77000000000000e+02 2.23145140952078e+23 7.57345554927533e+21 2.40298646024467e+22 
2.87496680459111e-03 3.77000000000000e+02 2.21994054975182e+23 8.18893760707460e+21 2.51010724406385e+22 
3.35844261470790e-03 3.77000000000000e+02 2.21212845353702e+23 8.64567501961495e+21 2.57500168585164e+22 
3.84191842482469e-03 3.77000000000000e+02 2.20667202613883e+23 8.98943952669626e+21 2.61537733239895e+22 
4.32539423494148e-03 3.77000000000000e+02 2.20278079123275e+23 9.25094916305457e+21 2.64090010324839e+22 
4.80887004505827e-03 3.77000000000000e+02 2.19999378203329e+23 9.45065807572488e+21 2.65669850470317e+22 
5.43725473071596e-03 3.77000000000000e+02 2.19750096211038e+23 9.64216376387863e+21 2.66825376553018e+22 
6.06563941637366e-03 3.77000000000000e+02 2.19580532004317e+23 9.77999811340215e+21 2.67459973696920e+22 
6.69402410203135e-03 3.77000000000000e+02 2.19460851756821e+23 9.88053966705780e+21 2.67842747573694e+22 
7.32240878768905e-03 3.77000000000000e+02 2.19375862532430e+23 9.95400402098923e+21 2.68073244982864e+22 
7.95079347334674e-03 3.77000000000000e+02 2.19316231531886e+23 1.00074648002187e+22 2.68196649409142e+22 
9.19766649276494e-03 3.77000000000000e+02 2.19245298219391e+23 1.00739615676152e+22 2.68285380311086e+22 
1.04445395121831e-02 3.77000000000000e+02 2.19203111007118e+23 1.01123941766817e+22 2.68360472375174e+22 
1.16914125316013e-02 3.77000000000000e+02 2.19178906451976e+23 1.01339355011383e+22 2.68413736988837e+22 
1.29382855510195e-02 3.77000000000000e+02 2.19166978451506e+23 1.01450076953298e+22 2.68430853114456e+22 
1.41851585704377e-02 3.77000000000000e+02 2.19161482946771e+23 1.01505214382723e+22 2.68430488350370e+22 
1.71663667081856e-02 3.77000000000000e+02 2.19159080265728e+23 1.01532507579982e+22 2.68423955576831e+22 
2.01475748459336e-02 3.77000000000000e+02 2.19156743800169e+23 1.01551200378485e+22 2.68433299292153e+22 
2.31287829836815e-02 3.77000000000000e+02 2.19154038104496e+23 1.01574050408553e+22 2.68441713147015e+22 
2.61099911214294e-02 3.77000000000000e+02 2.19153212006566e+23 1.01582337424407e+22 2.68441661074807e+22 
2.90911992591773e-02 3.77000000000000e+02 2.19153646065082e+23 1.01579096691933e+22 2.68439461369572e+22 
4.25200810084937e-02 3.77000000000000e+02 2.19153766901708e+23 1.01577895935522e+22 2.68439446150957e+22 
5.59489627578100e-02 3.77000000000000e+02 2.19154129483322e+23 1.01574397966310e+22 2.68439190455735e+22 
6.93778445071264e-02 3.77000000000000e+02 2.19154060454092e+23 1.01575039948714e+22 2.68439287074634e+22 
8.28067262564427e-02 3.77000000000000e+02 2.19153995077964e+23 1.01575649976104e+22 2.68439374542166e+22 
2.17095543749606e-01 3.77000000000000e+02 2.19153994821628e+23 1.01575651327501e+22 2.68439376965705e+22 
3.51384361242770e-01 3.77000000000000e+02 2.19153996691522e+23 1.01575634041595e+22 2.68439374139591e+22 
4.85673178735934e-01 3.77000000000000e+02 2.19153996730696e+23 1.01575633684321e+22 2.68439374070638e+22 
1.82856135366757e+00 3.77000000000000e+02 2.19153996726324e+23 1.01575633723850e+22 2.68439374078987e+22 
3.17144952859921e+00 3.77000000000000e+02 2.19153996726206e+23 1.01575633724950e+22 2.68439374079198e+22 
4.51433770353084e+00 3.77000000000000e+02 2.19153996726206e+23 1.01575633724949e+22 2.68439374079193e+22 
1.79432194528472e+01 3.77000000000000e+02 2.19153996726212e+23 1.01575633724949e+22 2.68439374079195e+22 
3.13721012021636e+01 3.77000000000000e+02 2.19153996726216e+23 1.01575633724949e+22 2.68439374079196e+22 
4.48009829514799e+01 3.77000000000000e+02 2.19153996726205e+23 1.01575633724949e+22 2.68439374079192e+22 
1.44800982951480e+02 3.77000000000000e+02 2.19153996726414e+23 1.01575633724963e+22 2.68439374079266e+22 
2.44800982951480e+02 3.77000000000000e+02 2.19153996726656e+23 1.01575633724980e+22 2.68439374079352e+22 
3.44800982951480e+02 3.77000000000000e+02 2.19153996726675e+23 1.01575633724980e+22 2.68439374079358e+22 
4.44800982951480e+02 3.77000000000000e+02 2.19153996726594e+23 1.01575633724975e+22 2.68439374079329e+22 
5.44800982951480e+02 3.77000000000000e+02 2.19153996726593e+23 1.01575633724975e+22 2.68439374079329e+22 
6.44800982951480e+02 3.77000000000000e+02 2.19153996726672e+23 1.01575633724981e+22 2.68439374079357e+22 
7.44800982951480e+02 3.77000000000000e+02 2.19153996726611e+23 1.01575633724976e+22 2.68439374079335e+22 
8.44800982951480e+02 3.77000000000000e+02 2.19153996726701e+23 1.01575633724983e+22 2.68439374079367e+22 
9.44800982951480e+02 3.77000000000000e+02 2.19153996726730e+23 1.01575633724985e+22 2.68439374079378e+22 
1.00000000000000e+03 3.77000000000000e+02 2.19153996726689e+23 1.01575633724982e+22 2.68439374079363e+22 
