Time(s)              GasTemp(K)           [O2(X)](m^-3)        [O2(a)](m^-3)        [O(3P)](m^-3)       
0.00000000000000e+00 3.77000000000000e+02 2.28164588404539e+22 0.00000000000000e+00 0.00000000000000e+00 
2.85044767509323e-16 3.77000000000000e+02 2.28164588404537e+22 1.08329732723180e+08 1.56520158978501e+08 
5.70089535018647e-16 3.77000000000000e+02 2.28164588404535e+22 2.16659465446356e+08 3.13040317957001e+08 
8.55134302527970e-16 3.77000000000000e+02 2.28164588404534e+22 3.24989198169526e+08 4.69560476935499e+08 
3.70558197762120e-15 3.77000000000000e+02 2.28164588404515e+22 1.40828652540081e+09 2.03476206672036e+09 
6.55602965271444e-15 3.77000000000000e+02 2.28164588404496e+22 2.49158385263160e+09 3.59996365650507e+09 
9.40647732780767e-15 3.77000000000000e+02 2.28164588404478e+22 3.57488117986190e+09 5.16516524628965e+09 
3.79109540787400e-14 3.77000000000000e+02 2.28164588404291e+22 1.44078544521222e+10 2.08171811441229e+10 
6.64154308296723e-14 3.77000000000000e+02 2.28164588404104e+22 2.52408277243339e+10 3.64691970419421e+10 
9.49199075806047e-14 3.77000000000000e+02 2.28164588403918e+22 3.60738009964961e+10 5.21212129397468e+10 
3.79964675089928e-13 3.77000000000000e+02 2.28164588402052e+22 1.44403533713850e+11 2.08641371916551e+11 
6.65009442599251e-13 3.77000000000000e+02 2.28164588400186e+22 2.52733266426346e+11 3.65161530891941e+11 
9.50054210108574e-13 3.77000000000000e+02 2.28164588398320e+22 3.61062999133893e+11 5.21681689865889e+11 
3.80050188520181e-12 3.77000000000000e+02 2.28164588379661e+22 1.44436032578252e+12 2.08688327948107e+12 
6.65094956029504e-12 3.77000000000000e+02 2.28164588361002e+22 2.52765765194539e+12 3.65208486895479e+12 
9.50139723538827e-12 3.77000000000000e+02 2.28164588342343e+22 3.61095497761331e+12 5.21728645828436e+12 
3.80058739863206e-11 3.77000000000000e+02 2.28164588155753e+22 1.44439281916083e+13 2.08693023391497e+13 
6.65103507372529e-11 3.77000000000000e+02 2.28164587969164e+22 2.52769013570280e+13 3.65213182058690e+13 
9.50148274881853e-11 3.77000000000000e+02 2.28164587782574e+22 3.61098744729527e+13 5.21733340581744e+13 
3.80059594997509e-10 3.77000000000000e+02 2.28164585916676e+22 1.44439601363777e+14 2.08693491338182e+14 
6.65104362506832e-10 3.77000000000000e+02 2.28164584050778e+22 2.52769323397071e+14 3.65213647203585e+14 
9.50149130016155e-10 3.77000000000000e+02 2.28164582184880e+22 3.61099040480864e+14 5.21733801627598e+14 
3.80059680510939e-09 3.77000000000000e+02 2.28164563525905e+22 1.44439578447666e+15 2.08693522156297e+15 
6.65104448020262e-09 3.77000000000000e+02 2.28164544866936e+22 2.52769204271953e+15 3.65213650003765e+15 
9.50149215529585e-09 3.77000000000000e+02 2.28164526207973e+22 3.61098780601270e+15 5.21733763437297e+15 
3.80059689062282e-08 3.77000000000000e+02 2.28164339618829e+22 1.44439027548694e+16 2.08693365470901e+16 
6.65104456571605e-08 3.77000000000000e+02 2.28164153030241e+22 2.52767691285476e+16 3.65213213135735e+16 
9.50149224080928e-08 3.77000000000000e+02 2.28163966442221e+22 3.61095860075982e+16 5.21732916656679e+16 
3.80059689917416e-07 3.77000000000000e+02 2.28162100610914e+22 1.44433486529376e+17 2.08691751962873e+17 
6.65104457426739e-07 3.77000000000000e+02 2.28160234835255e+22 2.52752529646863e+17 3.65208797472488e+17 
9.50149224936063e-07 3.77000000000000e+02 2.28158369116297e+22 3.61066623644675e+17 5.21724401090977e+17 
3.80059690002929e-06 3.77000000000000e+02 2.28139716816010e+22 1.44378087553788e+18 2.08675595478569e+18 
6.65104457512253e-06 3.77000000000000e+02 2.28121070080205e+22 2.52600950057653e+18 3.65164586572170e+18 
9.50149225021576e-06 3.77000000000000e+02 2.28102429013292e+22 3.60774355685744e+18 5.21639113567633e+18 
3.68409898900834e-05 3.77000000000000e+02 2.27923915575350e+22 1.39587006275434e+19 2.02171645827170e+19 
6.41804875299511e-05 3.77000000000000e+02 2.27745919747710e+22 2.42645922453646e+19 3.52045468751392e+19 
9.15199851698188e-05 3.77000000000000e+02 2.27568444957029e+22 3.45251984002308e+19 5.01782927015590e+19 
1.18859482809686e-04 3.77000000000000e+02 2.27391492154927e+22 4.47405187354392e+19 6.51382124515744e+19 
3.92254459208363e-04 3.77000000000000e+02 2.25650546111736e+22 1.44442820261626e+20 2.13922818037468e+20 
6.65649435607040e-04 3.77000000000000e+02 2.23961341427884e+22 2.39748304735384e+20 3.61152785860239e+20 
9.39044412005717e-04 3.77000000000000e+02 2.22323401431477e+22 3.30768703571095e+20 5.06699987470316e+20 
1.21243938840439e-03 3.77000000000000e+02 2.20736161155075e+22 4.17622691883541e+20 6.50440066125819e+20 
2.18159439482871e-03 3.77000000000000e+02 2.15507609821405e+22 6.93729019013059e+20 1.14393767860073e+21 
3.15074940125303e-03 3.77000000000000e+02 2.10873622198978e+22 9.24428846330784e+20 1.60933554845066e+21 
4.11990440767734e-03 3.77000000000000e+02 2.06794465367088e+22 1.11513409099337e+21 2.04375642550341e+21 
5.08905941410166e-03 3.77000000000000e+02 2.03226018621947e+22 1.27106520694843e+21 2.44558354262121e+21 
6.05821442052597e-03 3.77000000000000e+02 2.00122043577833e+22 1.39712824086904e+21 2.81425248360289e+21 
7.89871235676815e-03 3.77000000000000e+02 1.95342654729134e+22 1.56974409337906e+21 3.42489854832261e+21 
9.73921029301033e-03 3.77000000000000e+02 1.91773861622939e+22 1.67697039559801e+21 3.92420456512367e+21 
1.15797082292525e-02 3.77000000000000e+02 1.89147560503718e+22 1.73960812832560e+21 4.32418932351290e+21 
1.34202061654947e-02 3.77000000000000e+02 1.87238787277215e+22 1.77284955049841e+21 4.63946112446786e+21 
1.52607041017369e-02 3.77000000000000e+02 1.85867650379668e+22 1.78739248223742e+21 4.88460264049906e+21 
1.74944782547003e-02 3.77000000000000e+02 1.84724765671677e+22 1.79041924232730e+21 5.10712606191759e+21 
1.97282524076638e-02 3.77000000000000e+02 1.83982811590279e+22 1.78506977338947e+21 5.26621581607278e+21 
2.19620265606273e-02 3.77000000000000e+02 1.83512898034631e+22 1.77629019202497e+21 5.37775768993133e+21 
2.41958007135908e-02 3.77000000000000e+02 1.83223662587905e+22 1.76691218419338e+21 5.45436079493983e+21 
2.64295748665542e-02 3.77000000000000e+02 1.83050543348736e+22 1.75837555042679e+21 5.50605791030688e+21 
2.86633490195177e-02 3.77000000000000e+02 1.82949934319224e+22 1.75121526736112e+21 5.54050028234065e+21 
3.23815471116506e-02 3.77000000000000e+02 1.82869380157849e+22 1.74248273576703e+21 5.57407617780392e+21 
3.60997452037835e-02 3.77000000000000e+02 1.82844915608159e+22 1.73660713403979e+21 5.59072029119680e+21 
3.98179432959164e-02 3.77000000000000e+02 1.82847031018800e+22 1.73272875696873e+21 5.59805396321156e+21 
4.35361413880493e-02 3.77000000000000e+02 1.82858115689817e+22 1.73064944811049e+21 5.59999564672553e+21 
4.72543394801822e-02 3.77000000000000e+02 1.82866900217853e+22 1.72999231314960e+21 5.59955301104051e+21 
5.09725375723151e-02 3.77000000000000e+02 1.82869623694112e+22 1.72993600916674e+21 5.59912092375467e+21 
5.81326740048281e-02 3.77000000000000e+02 1.82869854521592e+22 1.73011148813488e+21 5.59872380032236e+21 
6.52928104373411e-02 3.77000000000000e+02 1.82868358462715e+22 1.72987606607230e+21 5.59949385622489e+21 
7.24529468698542e-02 3.77000000000000e+02 1.82869235415968e+22 1.72955624457715e+21 5.59995810856537e+21 
7.96130833023672e-02 3.77000000000000e+02 1.82870987268179e+22 1.72946595464013e+21 5.59978831799565e+21 
8.67732197348802e-02 3.77000000000000e+02 1.82871683838151e+22 1.72953730501433e+21 5.59950630325150e+21 
1.08848810916596e-01 3.77000000000000e+02 1.82871576411183e+22 1.72959151449523e+21 5.59941936968139e+21 
1.30924402098312e-01 3.77000000000000e+02 1.82870988059877e+22 1.72960655378439e+21 5.59950696136814e+21 
1.52999993280028e-01 3.77000000000000e+02 1.82870956748561e+22 1.72959256778724e+21 5.59954119562854e+21 
1.75075584461744e-01 3.77000000000000e+02 1.82871059507888e+22 1.72958620520193e+21 5.59953336893441e+21 
3.95831496278903e-01 3.77000000000000e+02 1.82871081189672e+22 1.72958748878372e+21 5.59952646541527e+21 
6.16587408096063e-01 3.77000000000000e+02 1.82871076406937e+22 1.72958775659687e+21 5.59952688633583e+21 
8.37343319913222e-01 3.77000000000000e+02 1.82871076173350e+22 1.72958775423141e+21 5.59952693778407e+21 
3.04490243808482e+00 3.77000000000000e+02 1.82871076191327e+22 1.72958775313339e+21 5.59952693638477e+21 
5.25246155625641e+00 3.77000000000000e+02 1.82871076192248e+22 1.72958775316782e+21 5.59952693613132e+21 
7.46002067442800e+00 3.77000000000000e+02 1.82871076192240e+22 1.72958775316836e+21 5.59952693613166e+21 
2.95356118561439e+01 3.77000000000000e+02 1.82871076192238e+22 1.72958775316833e+21 5.59952693613174e+21 
5.16112030378599e+01 3.77000000000000e+02 1.82871076192246e+22 1.72958775316838e+21 5.59952693613192e+21 
7.36867942195758e+01 3.77000000000000e+02 1.82871076192238e+22 1.72958775316833e+21 5.59952693613172e+21 
1.73686794219576e+02 3.77000000000000e+02 1.82871076192250e+22 1.72958775316840e+21 5.59952693613203e+21 
2.73686794219576e+02 3.77000000000000e+02 1.82871076192234e+22 1.72958775316830e+21 5.59952693613163e+21 
3.73686794219576e+02 3.77000000000000e+02 1.82871076192219e+22 1.72958775316821e+21 5.59952693613128e+21 
4.73686794219576e+02 3.77000000000000e+02 1.82871076192211e+22 1.72958775316816e+21 5.59952693613107e+21 
5.73686794219576e+02 3.77000000000000e+02 1.82871076192240e+22 1.72958775316834e+21 5.59952693613178e+21 
6.73686794219576e+02 3.77000000000000e+02 1.82871076192250e+22 1.72958775316840e+21 5.59952693613203e+21 
7.73686794219576e+02 3.77000000000000e+02 1.82871076192246e+22 1.72958775316838e+21 5.59952693613193e+21 
8.73686794219576e+02 3.77000000000000e+02 1.82871076192197e+22 1.72958775316807e+21 5.59952693613073e+21 
9.73686794219576e+02 3.77000000000000e+02 1.82871076192232e+22 1.72958775316829e+21 5.59952693613158e+21 
1.00000000000000e+03 3.77000000000000e+02 1.82871076192225e+22 1.72958775316825e+21 5.59952693613142e+21 
