Time(s)              GasTemp(K)           [O2(X)](m^-3)        [O2(a)](m^-3)        [O(3P)](m^-3)       
0.00000000000000e+00 3.77000000000000e+02 4.19245948902221e+22 0.00000000000000e+00 0.00000000000000e+00 
9.18094425449582e-17 3.77000000000000e+02 4.19245948902219e+22 7.53166723653092e+07 2.60837405132179e+08 
1.83618885089916e-16 3.77000000000000e+02 4.19245948902217e+22 1.50633344730618e+08 5.21674810264355e+08 
2.75428327634874e-16 3.77000000000000e+02 4.19245948902215e+22 2.25950017095925e+08 7.82512215396529e+08 
1.19352275308446e-15 3.77000000000000e+02 4.19245948902194e+22 9.79116740748919e+08 3.39088626671802e+09 
2.11161717853404e-15 3.77000000000000e+02 4.19245948902174e+22 1.73228346440182e+09 5.99926031803922e+09 
3.02971160398362e-15 3.77000000000000e+02 4.19245948902153e+22 2.48545018805463e+09 8.60763436936014e+09 
1.22106558584794e-14 3.77000000000000e+02 4.19245948901947e+22 1.00171174245747e+10 3.46913748825447e+10 
2.13916001129753e-14 3.77000000000000e+02 4.19245948901741e+22 1.75487846610857e+10 6.07751153957012e+10 
3.05725443674711e-14 3.77000000000000e+02 4.19245948901536e+22 2.50804518975875e+10 8.68588559088290e+10 
1.22381986912429e-13 3.77000000000000e+02 4.19245948899478e+22 1.00397124261805e+11 3.47696261037641e+11 
2.14191429457387e-13 3.77000000000000e+02 4.19245948897421e+22 1.75713796625113e+11 6.08533666163646e+11 
3.06000872002346e-13 3.77000000000000e+02 4.19245948895364e+22 2.51030468987494e+11 8.69371071286790e+11 
1.22409529745193e-12 3.77000000000000e+02 4.19245948874790e+22 1.00419719253134e+12 3.47774512227156e+12 
2.14218972290151e-12 3.77000000000000e+02 4.19245948854216e+22 1.75736391598420e+12 6.08611917297561e+12 
3.06028414835109e-12 3.77000000000000e+02 4.19245948833643e+22 2.51053063934434e+12 8.69449322339363e+12 
1.22412284028469e-11 3.77000000000000e+02 4.19245948627907e+22 1.00421978649500e+13 3.47782337029066e+13 
2.14221726573427e-11 3.77000000000000e+02 4.19245948422172e+22 1.75738650814563e+13 6.08619741543478e+13 
3.06031169118385e-11 3.77000000000000e+02 4.19245948216437e+22 2.51055322886910e+13 8.69457145771858e+13 
1.22412559456797e-10 3.77000000000000e+02 4.19245946159083e+22 1.00422203561462e+14 3.47783116338839e+14 
2.14222002001755e-10 3.77000000000000e+02 4.19245944101729e+22 1.75738873924303e+14 6.08620515293319e+14 
3.06031444546713e-10 3.77000000000000e+02 4.19245942044375e+22 2.51055543359985e+14 8.69457911387476e+14 
1.22412586999629e-09 3.77000000000000e+02 4.19245921470841e+22 1.00422215775913e+15 3.47783162565637e+15 
2.14222029544588e-09 3.77000000000000e+02 4.19245900897308e+22 1.75738868116519e+15 6.08620505920799e+15 
3.06031472089546e-09 3.77000000000000e+02 4.19245880323778e+22 2.51055511185529e+15 8.69457820672736e+15 
1.22412589753913e-08 3.77000000000000e+02 4.19245674588681e+22 1.00422114229664e+16 3.47782850146634e+16 
2.14222032298871e-08 3.77000000000000e+02 4.19245468853815e+22 1.75738586347065e+16 6.08619637508718e+16 
3.06031474843829e-08 3.77000000000000e+02 4.19245263119185e+22 2.51054965747584e+16 8.69456138838693e+16 
1.22412590029341e-07 3.77000000000000e+02 4.19243205793214e+22 1.00421076373807e+17 3.47779648498392e+17 
2.14222032574299e-07 3.77000000000000e+02 4.19241148490379e+22 1.75735746174182e+17 6.08610875941338e+17 
3.06031475119257e-07 3.77000000000000e+02 4.19239091211118e+22 2.51049488712747e+17 8.69439243077474e+17 
1.22412590056884e-06 3.77000000000000e+02 4.19218520451640e+22 1.00410693148044e+18 3.47747625319702e+18 
2.14222032601842e-06 3.77000000000000e+02 4.19197952006355e+22 1.75707331283957e+18 6.08523254735929e+18 
3.06031475146800e-06 3.77000000000000e+02 4.19177385919343e+22 2.50994687511959e+18 8.69270282517609e+18 
1.22412590059638e-05 3.77000000000000e+02 4.18971850914166e+22 1.00337201680957e+19 3.47521572747872e+19 
2.14222032604596e-05 3.77000000000000e+02 4.18766550664352e+22 1.75482262895975e+19 6.07831949944368e+19 
3.06031475149555e-05 3.77000000000000e+02 4.18561487162610e+22 2.50533634403537e+19 8.67856210414428e+19 
3.97840917694513e-05 3.77000000000000e+02 4.18356661351932e+22 3.25490701006150e+19 1.12759369856514e+20 
1.31593534314409e-04 3.77000000000000e+02 4.16321613251549e+22 1.06973462607166e+20 3.70920204919909e+20 
2.23402976859368e-04 3.77000000000000e+02 4.14310741005443e+22 1.80412105123180e+20 6.26217369109100e+20 
3.15212419404326e-04 3.77000000000000e+02 4.12324347264839e+22 2.52832126155017e+20 8.78656075166342e+20 
4.07021861949284e-04 3.77000000000000e+02 4.10362719218231e+22 3.24201520500968e+20 1.12824289579597e+21 
9.21090435788541e-04 3.77000000000000e+02 3.99845089920023e+22 7.03316485040846e+20 2.47353882635784e+21 
1.43515900962780e-03 3.77000000000000e+02 3.90136394673293e+22 1.04511776176915e+21 3.73167532224727e+21 
1.94922758346705e-03 3.77000000000000e+02 3.81242050858720e+22 1.34774693055762e+21 4.90528574758493e+21 
2.46329615730631e-03 3.77000000000000e+02 3.73146447541120e+22 1.61112894234312e+21 5.99764238753391e+21 
2.97736473114557e-03 3.77000000000000e+02 3.65818222566665e+22 1.83655442883824e+21 7.01243640943469e+21 
3.79939161797348e-03 3.77000000000000e+02 3.55584173969124e+22 2.12422328394641e+21 8.48390841872651e+21 
4.62141850480138e-03 3.77000000000000e+02 3.47004192323600e+22 2.33239058272775e+21 9.78357015026859e+21 
5.44344539162929e-03 3.77000000000000e+02 3.39863910866753e+22 2.47429891052532e+21 1.09278097860429e+22 
6.26547227845720e-03 3.77000000000000e+02 3.33951593150473e+22 2.56319713601080e+21 1.19324768783279e+22 
7.08749916528510e-03 3.77000000000000e+02 3.29073136500267e+22 2.61098554275531e+21 1.28125913948801e+22 
8.52780823779992e-03 3.77000000000000e+02 3.22522417945221e+22 2.62505123613383e+21 1.40946037191323e+22 
9.96811731031474e-03 3.77000000000000e+02 3.17866812783767e+22 2.58699775365154e+21 1.51018317163877e+22 
1.14084263828296e-02 3.77000000000000e+02 3.14540406443870e+22 2.52551089758355e+21 1.58900866965030e+22 
1.28487354553444e-02 3.77000000000000e+02 3.12149668427258e+22 2.45712490426709e+21 1.65050062864583e+22 
1.42890445278592e-02 3.77000000000000e+02 3.10422165603116e+22 2.39067479796885e+21 1.69834070638832e+22 
1.58968481996301e-02 3.77000000000000e+02 3.09046144281890e+22 2.32411343059897e+21 1.73917340628682e+22 
1.75046518714009e-02 3.77000000000000e+02 3.08071037772216e+22 2.26813563823213e+21 1.76987109495367e+22 
1.91124555431718e-02 3.77000000000000e+02 3.07372375575285e+22 2.22277150404021e+21 1.79291716573066e+22 
2.07202592149427e-02 3.77000000000000e+02 3.06868181455576e+22 2.18680405177777e+21 1.81019453857733e+22 
2.23280628867135e-02 3.77000000000000e+02 3.06502457611171e+22 2.15869887641602e+21 1.82313005053779e+22 
2.57047103231411e-02 3.77000000000000e+02 3.06031292737361e+22 2.11951640632317e+21 1.84038984203255e+22 
2.90813577595686e-02 3.77000000000000e+02 3.05768104740339e+22 2.09811845084629e+21 1.84993319306837e+22 
3.24580051959961e-02 3.77000000000000e+02 3.05613801023261e+22 2.08603812434851e+21 1.85543533270949e+22 
3.58346526324236e-02 3.77000000000000e+02 3.05536505559621e+22 2.07829786780317e+21 1.85852929329136e+22 
3.92113000688512e-02 3.77000000000000e+02 3.05505918165849e+22 2.07414920028402e+21 1.85997077467062e+22 
4.55848292250897e-02 3.77000000000000e+02 3.05482331475212e+22 2.07066803001937e+21 1.86113874253628e+22 
5.19583583813282e-02 3.77000000000000e+02 3.05479815410924e+22 2.07007798849327e+21 1.86130707212552e+22 
5.83318875375667e-02 3.77000000000000e+02 3.05480248141609e+22 2.07014503580103e+21 1.86128500804876e+22 
6.47054166938052e-02 3.77000000000000e+02 3.05480193303336e+22 2.07020026197230e+21 1.86127505957927e+22 
1.28440708256190e-01 3.77000000000000e+02 3.05479539003575e+22 2.07015575458588e+21 1.86129704705071e+22 
1.92175999818575e-01 3.77000000000000e+02 3.05479464794427e+22 2.07014442126682e+21 1.86130079789758e+22 
2.55911291380960e-01 3.77000000000000e+02 3.05479465443816e+22 2.07014396182054e+21 1.86130087679912e+22 
8.93264207004810e-01 3.77000000000000e+02 3.05479466817905e+22 2.07014407464040e+21 1.86130082675344e+22 
1.53061712262866e+00 3.77000000000000e+02 3.05479466839267e+22 2.07014408143337e+21 1.86130082496762e+22 
2.16797003825251e+00 3.77000000000000e+02 3.05479466836242e+22 2.07014408142619e+21 1.86130082502954e+22 
8.54149919449100e+00 3.77000000000000e+02 3.05479466836110e+22 2.07014408142196e+21 1.86130082503323e+22 
1.49150283507295e+01 3.77000000000000e+02 3.05479466836115e+22 2.07014408142207e+21 1.86130082503314e+22 
2.12885575069680e+01 3.77000000000000e+02 3.05479466836118e+22 2.07014408142206e+21 1.86130082503315e+22 
4.04091449756835e+01 3.77000000000000e+02 3.05479466836109e+22 2.07014408142206e+21 1.86130082503312e+22 
5.95297324443990e+01 3.77000000000000e+02 3.05479466836127e+22 2.07014408142207e+21 1.86130082503318e+22 
7.86503199131145e+01 3.77000000000000e+02 3.05479466836122e+22 2.07014408142206e+21 1.86130082503316e+22 
1.08650319913114e+02 3.77000000000000e+02 3.05479466836119e+22 2.07014408142206e+21 1.86130082503315e+22 
1.38650319913114e+02 3.77000000000000e+02 3.05479466836140e+22 2.07014408142208e+21 1.86130082503322e+22 
1.68650319913114e+02 3.77000000000000e+02 3.05479466836110e+22 2.07014408142206e+21 1.86130082503312e+22 
2.68650319913114e+02 3.77000000000000e+02 3.05479466836010e+22 2.07014408142200e+21 1.86130082503279e+22 
2.77650319913114e+02 3.77000000000000e+02 3.05479466836007e+22 2.07014408142199e+21 1.86130082503278e+22 
2.86650319913114e+02 3.77000000000000e+02 3.05479466836002e+22 2.07014408142199e+21 1.86130082503277e+22 
2.95650319913114e+02 3.77000000000000e+02 3.05479466835992e+22 2.07014408142198e+21 1.86130082503273e+22 
2.98080319913114e+02 3.77000000000000e+02 3.05479466835993e+22 2.07014408142199e+21 1.86130082503274e+22 
3.00510319913114e+02 3.77000000000000e+02 3.05479466835996e+22 2.07014408142199e+21 1.86130082503275e+22 
3.02940319913114e+02 3.77000000000000e+02 3.05479466835993e+22 2.07014408142198e+21 1.86130082503274e+22 
3.05127319913114e+02 3.77000000000000e+02 3.05479466835993e+22 2.07014408142199e+21 1.86130082503274e+22 
3.07314319913115e+02 3.77000000000000e+02 3.05479466835991e+22 2.07014408142198e+21 1.86130082503273e+22 
3.09501319913115e+02 3.77000000000000e+02 3.05479466835995e+22 2.07014408142199e+21 1.86130082503274e+22 
3.31371319913115e+02 3.77000000000000e+02 3.05479466836007e+22 2.07014408142199e+21 1.86130082503278e+22 
3.53241319913115e+02 3.77000000000000e+02 3.05479466836026e+22 2.07014408142201e+21 1.86130082503285e+22 
3.55209619913115e+02 3.77000000000000e+02 3.05479466836025e+22 2.07014408142201e+21 1.86130082503284e+22 
3.57177919913115e+02 3.77000000000000e+02 3.05479466836029e+22 2.07014408142201e+21 1.86130082503286e+22 
3.59146219913115e+02 3.77000000000000e+02 3.05479466836028e+22 2.07014408142201e+21 1.86130082503285e+22 
3.78829219913115e+02 3.77000000000000e+02 3.05479466836044e+22 2.07014408142202e+21 1.86130082503290e+22 
3.98512219913115e+02 3.77000000000000e+02 3.05479466836005e+22 2.07014408142199e+21 1.86130082503278e+22 
4.18195219913114e+02 3.77000000000000e+02 3.05479466835999e+22 2.07014408142199e+21 1.86130082503276e+22 
5.18195219913114e+02 3.77000000000000e+02 3.05479466835885e+22 2.07014408142192e+21 1.86130082503238e+22 
6.18195219913114e+02 3.77000000000000e+02 3.05479466835997e+22 2.07014408142199e+21 1.86130082503275e+22 
7.18195219913114e+02 3.77000000000000e+02 3.05479466835909e+22 2.07014408142193e+21 1.86130082503246e+22 
8.18195219913114e+02 3.77000000000000e+02 3.05479466835859e+22 2.07014408142190e+21 1.86130082503230e+22 
9.18195219913114e+02 3.77000000000000e+02 3.05479466835890e+22 2.07014408142192e+21 1.86130082503240e+22 
1.00000000000000e+03 3.77000000000000e+02 3.05479466835818e+22 2.07014408142188e+21 1.86130082503216e+22 
