Time(s)              GasTemp(K)           [O2(X)](m^-3)        [O2(a)](m^-3)        [O(3P)](m^-3)       
0.00000000000000e+00 3.77000000000000e+02 4.62904014625281e+22 0.00000000000000e+00 0.00000000000000e+00 
1.34925849705876e-16 3.77000000000000e+02 4.62904014625278e+22 9.36443548413313e+07 2.63108631271379e+08 
2.69851699411752e-16 3.77000000000000e+02 4.62904014625276e+22 1.87288709682662e+08 5.26217262542752e+08 
4.04777549117629e-16 3.77000000000000e+02 4.62904014625274e+22 2.80933064523991e+08 7.89325893814118e+08 
1.75403604617639e-15 3.77000000000000e+02 4.62904014625251e+22 1.21737661293719e+09 3.42041220652718e+09 
3.10329454323515e-15 3.77000000000000e+02 4.62904014625229e+22 2.15382016135028e+09 6.05149851923958e+09 
4.45255304029391e-15 3.77000000000000e+02 4.62904014625206e+22 3.09026370976327e+09 8.68258483195128e+09 
1.79451380108815e-14 3.77000000000000e+02 4.62904014624981e+22 1.24546991938839e+10 3.49934479590092e+10 
3.14377229814692e-14 3.77000000000000e+02 4.62904014624756e+22 2.18191346779939e+10 6.13043110859997e+10 
4.49303079520568e-14 3.77000000000000e+02 4.62904014624531e+22 3.11835701620932e+10 8.76151742129216e+10 
1.79856157657933e-13 3.77000000000000e+02 4.62904014622279e+22 1.24827925002159e+11 3.50723805476223e+11 
3.14782007363809e-13 3.77000000000000e+02 4.62904014620027e+22 2.18472279841169e+11 6.13832436732791e+11 
4.49707857069685e-13 3.77000000000000e+02 4.62904014617775e+22 3.12116634679105e+11 8.76941067982497e+11 
1.79896635412845e-12 3.77000000000000e+02 4.62904014595255e+22 1.24856018296574e+12 3.50802737988781e+12 
3.14822485118721e-12 3.77000000000000e+02 4.62904014572735e+22 2.18500373114686e+12 6.13911369111969e+12 
4.49748334824597e-12 3.77000000000000e+02 4.62904014550215e+22 3.12144727922046e+12 8.77020000166541e+12 
1.79900683188336e-11 3.77000000000000e+02 4.62904014325016e+22 1.24858827506845e+13 3.50810630479477e+13 
3.14826532894212e-11 3.77000000000000e+02 4.62904014099818e+22 2.18503182115969e+13 6.13919260268880e+13 
4.49752382600088e-11 3.77000000000000e+02 4.62904013874619e+22 3.12147536617578e+13 8.77027889372112e+13 
1.79901087965885e-10 3.77000000000000e+02 4.62904011622633e+22 1.24859107236168e+14 3.50811412122951e+14 
3.14826937671761e-10 3.77000000000000e+02 4.62904009370646e+22 2.18503459755411e+14 6.13920028574494e+14 
4.49752787377637e-10 3.77000000000000e+02 4.62904007118659e+22 3.12147811199510e+14 8.77028638164338e+14 
1.79901128443640e-09 3.77000000000000e+02 4.62903984598798e+22 1.24859123292055e+15 3.50811414231365e+15 
3.14826978149516e-09 3.77000000000000e+02 4.62903962078940e+22 2.18503454912484e+15 6.13919897304344e+15 
4.49752827855392e-09 3.77000000000000e+02 4.62903939559088e+22 3.12147775781450e+15 8.77028311760374e+15 
1.79901132491415e-08 3.77000000000000e+02 4.62903714360948e+22 1.24859005726870e+16 3.50810653884501e+16 
3.14826982197292e-08 3.77000000000000e+02 4.62903489163251e+22 2.18503128358020e+16 6.13917803175365e+16 
4.49752831903168e-08 3.77000000000000e+02 4.62903263966004e+22 3.12147143473302e+16 8.77024266301115e+16 
1.79901132896193e-07 3.77000000000000e+02 4.62901012032396e+22 1.24857802230063e+17 3.50802972435799e+17 
3.14826982602069e-07 3.77000000000000e+02 4.62898760143011e+22 2.18499834855688e+17 6.13896784258077e+17 
4.49752832307945e-07 3.77000000000000e+02 4.62896508298684e+22 3.12140792197398e+17 8.76983734866750e+17 
1.79901132936671e-06 3.77000000000000e+02 4.62873993740836e+22 1.24845761224727e+18 3.50726166453643e+18 
3.14826982642547e-06 3.77000000000000e+02 4.62851483605086e+22 2.18466882527418e+18 6.13686638839443e+18 
4.49752832348423e-06 3.77000000000000e+02 4.62828977974291e+22 3.12077238484757e+18 8.76578542833050e+18 
1.79901132940718e-05 3.77000000000000e+02 4.62604161746362e+22 1.24760499213223e+19 3.50184759410597e+19 
3.14826982646595e-05 3.77000000000000e+02 4.62379792815071e+22 2.18205707139029e+19 6.12032206141249e+19 
4.49752832352471e-05 3.77000000000000e+02 4.62155874000049e+22 3.11542096190678e+19 8.73197058080958e+19 
5.84678682058347e-05 3.77000000000000e+02 4.61932406068033e+22 4.04768880226981e+19 1.13367935404197e+20 
1.93393717911711e-04 3.77000000000000e+02 4.59722419868134e+22 1.33082212138259e+20 3.70154527152822e+20 
3.28319567617587e-04 3.77000000000000e+02 4.57557142950244e+22 2.24535097827860e+20 6.20304139351663e+20 
4.63245417323463e-04 3.77000000000000e+02 4.55436225862430e+22 3.14792992441181e+20 8.63971767687857e+20 
5.98171267029339e-04 3.77000000000000e+02 4.53359277474486e+22 4.03815350700606e+20 1.10131672875770e+21 
1.24506070085552e-03 3.77000000000000e+02 4.43997793706404e+22 8.12575777073771e+20 2.15609262962781e+21 
1.89195013468170e-03 3.77000000000000e+02 4.35583448102876e+22 1.18953710733927e+21 3.08503908980224e+21 
2.53883956850788e-03 3.77000000000000e+02 4.28055821185256e+22 1.53339978579867e+21 3.90283911640711e+21 
3.18572900233406e-03 3.77000000000000e+02 4.21348941048744e+22 1.84422591899203e+21 4.62256287732236e+21 
3.83261843616024e-03 3.77000000000000e+02 4.15394582491270e+22 2.12305054887824e+21 5.25578532904457e+21 
5.00018446920072e-03 3.77000000000000e+02 4.06336161298826e+22 2.55125866846748e+21 6.21105332835454e+21 
6.16775050224120e-03 3.77000000000000e+02 3.99132281557673e+22 2.89297616685115e+21 6.96839427981746e+21 
7.33531653528169e-03 3.77000000000000e+02 3.93443537622819e+22 3.16153795251211e+21 7.56901949546586e+21 
8.50288256832217e-03 3.77000000000000e+02 3.88977294417973e+22 3.37004338656627e+21 8.04525726832599e+21 
9.67044860136266e-03 3.77000000000000e+02 3.85488310755593e+22 3.53020654581363e+21 8.42272768230672e+21 
1.15064014094017e-02 3.77000000000000e+02 3.81519285719831e+22 3.70709974949319e+21 8.86274628209766e+21 
1.33423542174408e-02 3.77000000000000e+02 3.78868197709566e+22 3.81923449469082e+21 9.16869439375095e+21 
1.51783070254799e-02 3.77000000000000e+02 3.77106350461777e+22 3.88851118603921e+21 9.38251046060659e+21 
1.70142598335190e-02 3.77000000000000e+02 3.75948162735997e+22 3.92961634355056e+21 9.53193769073489e+21 
1.88502126415581e-02 3.77000000000000e+02 3.75198913974186e+22 3.95245985928170e+21 9.63610041163158e+21 
2.14516372421236e-02 3.77000000000000e+02 3.74586995215388e+22 3.96604870333195e+21 9.73130647528499e+21 
2.40530618426892e-02 3.77000000000000e+02 3.74268078499202e+22 3.96895414798498e+21 9.78927892920841e+21 
2.66544864432547e-02 3.77000000000000e+02 3.74104973374398e+22 3.96729333115741e+21 9.82522158781619e+21 
2.92559110438202e-02 3.77000000000000e+02 3.74031339176381e+22 3.96361450366306e+21 9.84730608240212e+21 
3.18573356443857e-02 3.77000000000000e+02 3.74008747611945e+22 3.95924586227526e+21 9.86056167806177e+21 
3.70000112978961e-02 3.77000000000000e+02 3.74036143309925e+22 3.95100162878948e+21 9.87157100543900e+21 
4.21426869514064e-02 3.77000000000000e+02 3.74070228684410e+22 3.94564381935181e+21 9.87546954942721e+21 
4.72853626049167e-02 3.77000000000000e+02 3.74083655569014e+22 3.94307120017626e+21 9.87792941086878e+21 
5.24280382584270e-02 3.77000000000000e+02 3.74073447196405e+22 3.94270028472075e+21 9.88071291630263e+21 
5.75707139119374e-02 3.77000000000000e+02 3.74062046031412e+22 3.94292433343082e+21 9.88254505187400e+21 
6.78295576538769e-02 3.77000000000000e+02 3.74061437041653e+22 3.94276701236949e+21 9.88298149193673e+21 
7.80884013958164e-02 3.77000000000000e+02 3.74077376168116e+22 3.94180173664772e+21 9.88172421807593e+21 
8.83472451377560e-02 3.77000000000000e+02 3.74084315364638e+22 3.94132077330096e+21 9.88129830545825e+21 
9.86060888796955e-02 3.77000000000000e+02 3.74081874668808e+22 3.94141483957046e+21 9.88159831208499e+21 
1.08864932621635e-01 3.77000000000000e+02 3.74079340793720e+22 3.94156274090833e+21 9.88180928442912e+21 
1.37013144523705e-01 3.77000000000000e+02 3.74079409776953e+22 3.94156776748381e+21 9.88178543463352e+21 
1.65161356425774e-01 3.77000000000000e+02 3.74080142814654e+22 3.94153628927369e+21 9.88170178351329e+21 
1.93309568327844e-01 3.77000000000000e+02 3.74080227211485e+22 3.94153144616933e+21 9.88169459035518e+21 
2.21457780229913e-01 3.77000000000000e+02 3.74080167217825e+22 3.94153314683120e+21 9.88170318776329e+21 
5.02939899250609e-01 3.77000000000000e+02 3.74080159528056e+22 3.94153319610520e+21 9.88170462716872e+21 
7.84422018271306e-01 3.77000000000000e+02 3.74080160809676e+22 3.94153319396062e+21 9.88170437513389e+21 
1.06590413729200e+00 3.77000000000000e+02 3.74080160839894e+22 3.94153319658032e+21 9.88170436385086e+21 
3.88072532749896e+00 3.77000000000000e+02 3.74080160837498e+22 3.94153319653203e+21 9.88170436442696e+21 
6.69554651770592e+00 3.77000000000000e+02 3.74080160837516e+22 3.94153319650902e+21 9.88170436446908e+21 
9.51036770791288e+00 3.77000000000000e+02 3.74080160837521e+22 3.94153319650896e+21 9.88170436446911e+21 
3.76585796099825e+01 3.77000000000000e+02 3.74080160837507e+22 3.94153319650896e+21 9.88170436446874e+21 
6.58067915120521e+01 3.77000000000000e+02 3.74080160837545e+22 3.94153319650898e+21 9.88170436446968e+21 
9.39550034141217e+01 3.77000000000000e+02 3.74080160837530e+22 3.94153319650897e+21 9.88170436446930e+21 
1.23955003414122e+02 3.77000000000000e+02 3.74080160837537e+22 3.94153319650898e+21 9.88170436446947e+21 
1.53955003414122e+02 3.77000000000000e+02 3.74080160837551e+22 3.94153319650899e+21 9.88170436446982e+21 
1.83955003414122e+02 3.77000000000000e+02 3.74080160837555e+22 3.94153319650899e+21 9.88170436446992e+21 
2.13955003414122e+02 3.77000000000000e+02 3.74080160837556e+22 3.94153319650899e+21 9.88170436446993e+21 
2.16655003414122e+02 3.77000000000000e+02 3.74080160837554e+22 3.94153319650899e+21 9.88170436446989e+21 
2.19355003414122e+02 3.77000000000000e+02 3.74080160837555e+22 3.94153319650899e+21 9.88170436446992e+21 
2.22055003414122e+02 3.77000000000000e+02 3.74080160837555e+22 3.94153319650899e+21 9.88170436446990e+21 
2.49055003414122e+02 3.77000000000000e+02 3.74080160837544e+22 3.94153319650898e+21 9.88170436446964e+21 
2.51485003414122e+02 3.77000000000000e+02 3.74080160837543e+22 3.94153319650898e+21 9.88170436446962e+21 
2.53915003414122e+02 3.77000000000000e+02 3.74080160837544e+22 3.94153319650898e+21 9.88170436446964e+21 
2.56345003414122e+02 3.77000000000000e+02 3.74080160837543e+22 3.94153319650898e+21 9.88170436446961e+21 
2.80645003414122e+02 3.77000000000000e+02 3.74080160837532e+22 3.94153319650897e+21 9.88170436446936e+21 
3.04945003414122e+02 3.77000000000000e+02 3.74080160837549e+22 3.94153319650898e+21 9.88170436446976e+21 
3.29245003414122e+02 3.77000000000000e+02 3.74080160837567e+22 3.94153319650899e+21 9.88170436447019e+21 
4.29245003414122e+02 3.77000000000000e+02 3.74080160837534e+22 3.94153319650897e+21 9.88170436446940e+21 
5.29245003414122e+02 3.77000000000000e+02 3.74080160837523e+22 3.94153319650897e+21 9.88170436446913e+21 
6.29245003414122e+02 3.77000000000000e+02 3.74080160837496e+22 3.94153319650895e+21 9.88170436446848e+21 
7.29245003414122e+02 3.77000000000000e+02 3.74080160837435e+22 3.94153319650892e+21 9.88170436446700e+21 
8.29245003414122e+02 3.77000000000000e+02 3.74080160837401e+22 3.94153319650890e+21 9.88170436446616e+21 
9.29245003414122e+02 3.77000000000000e+02 3.74080160837515e+22 3.94153319650896e+21 9.88170436446893e+21 
1.00000000000000e+03 3.77000000000000e+02 3.74080160837447e+22 3.94153319650893e+21 9.88170436446729e+21 
