Time(s)              GasTemp(K)           [O2(X)](m^-3)        [O2(a)](m^-3)        [O(3P)](m^-3)       
0.00000000000000e+00 3.77000000000000e+02 4.91916201168384e+22 0.00000000000000e+00 0.00000000000000e+00 
1.93183056747170e-16 3.77000000000000e+02 4.91916201168382e+22 2.62431082843379e+07 3.29592877106712e+08 
3.86366113494340e-16 3.77000000000000e+02 4.91916201168380e+22 5.24862165686747e+07 6.59185754213397e+08 
5.79549170241511e-16 3.77000000000000e+02 4.91916201168378e+22 7.87293248530106e+07 9.88778631320055e+08 
2.51137973771321e-15 3.77000000000000e+02 4.91916201168359e+22 3.41160407696283e+08 4.28470740238432e+09 
4.44321030518492e-15 3.77000000000000e+02 4.91916201168340e+22 6.03591490539457e+08 7.58063617344594e+09 
6.37504087265662e-15 3.77000000000000e+02 4.91916201168321e+22 8.66022573382532e+08 1.08765649445049e+10 
2.56933465473736e-14 3.77000000000000e+02 4.91916201168130e+22 3.49033340180465e+09 4.38358526548620e+10 
4.50116522220907e-14 3.77000000000000e+02 4.91916201167939e+22 6.11464423021694e+09 7.67951403649550e+10 
6.43299578968077e-14 3.77000000000000e+02 4.91916201167748e+22 8.73895505861923e+09 1.09754428074779e+11 
2.57513014643978e-13 3.77000000000000e+02 4.91916201165837e+22 3.49820633417794e+10 4.39347305149803e+11 
4.50696071391148e-13 3.77000000000000e+02 4.91916201163927e+22 6.12251716239577e+10 7.68940182198410e+11 
6.43879128138318e-13 3.77000000000000e+02 4.91916201162016e+22 8.74682799051355e+10 1.09853305922010e+12 
2.57570969561002e-12 3.77000000000000e+02 4.91916201142912e+22 3.49899362630636e+11 4.39446182711561e+12 
4.50754026308172e-12 3.77000000000000e+02 4.91916201123808e+22 6.12330445257950e+11 7.69039059236935e+12 
6.43937083055343e-12 3.77000000000000e+02 4.91916201104704e+22 8.74761527785220e+11 1.09863193549313e+13 
2.57576765052704e-11 3.77000000000000e+02 4.91916200913665e+22 3.49907234443011e+12 4.39456067484132e+13 
4.50759821799875e-11 3.77000000000000e+02 4.91916200722625e+22 6.12338315125643e+12 7.69048938777187e+13 
6.43942878547045e-11 3.77000000000000e+02 4.91916200531586e+22 8.74769394807827e+12 1.09864180737846e+14 
2.57577344601875e-10 3.77000000000000e+02 4.91916198621190e+22 3.49908010535162e+13 4.39457026125345e+14 
4.50760401349045e-10 3.77000000000000e+02 4.91916196710795e+22 6.12339071770966e+13 7.69049845095214e+14 
6.43943458096215e-10 3.77000000000000e+02 4.91916194800400e+22 8.74770123002296e+13 1.09864263714728e+15 
2.57577402556792e-09 3.77000000000000e+02 4.91916175696463e+22 3.49907977253519e+14 4.39456823629233e+15 
4.50760459303962e-09 3.77000000000000e+02 4.91916156592539e+22 6.12338844021054e+14 7.69049119367661e+15 
6.43943516051132e-09 3.77000000000000e+02 4.91916137488630e+22 8.74769610743855e+14 1.09864114592857e+16 
2.57577408352283e-08 3.77000000000000e+02 4.91915946450787e+22 3.49906865018087e+15 4.39453819798254e+16 
4.50760465099454e-08 3.77000000000000e+02 4.91915755414363e+22 6.12335787103301e+15 7.69040883266141e+16 
6.43943521846624e-08 3.77000000000000e+02 4.91915564379385e+22 8.74763708742592e+15 1.09862525501505e+17 
2.57577408931833e-07 3.77000000000000e+02 4.91913654154290e+22 3.49895664852704e+16 4.39423685698041e+17 
4.50760465679003e-07 3.77000000000000e+02 4.91911744071089e+22 6.12305140152019e+16 7.68958430846469e+17 
6.43943522426173e-07 3.77000000000000e+02 4.91909834132450e+22 8.74704611134813e+16 1.09846626441979e+18 
2.57577408989788e-06 3.77000000000000e+02 4.91890742449786e+22 3.49816593830579e+17 4.39211053176320e+18 
4.50760465736958e-06 3.77000000000000e+02 4.91871665119349e+22 6.12063321857283e+17 7.68308316329490e+18 
6.43943522484128e-06 3.77000000000000e+02 4.91852602230770e+22 8.74209955151548e+17 1.09713676124612e+19 
8.37126579231298e-06 3.77000000000000e+02 4.91833553807931e+22 1.13625625522927e+18 1.42569595799984e+19 
2.76895714670300e-05 3.77000000000000e+02 4.91643861662127e+22 3.75119913209175e+18 4.69655029871807e+19 
4.70078771417470e-05 3.77000000000000e+02 4.91455604168393e+22 6.35610849899246e+18 7.94071830000612e+19 
6.63261828164640e-05 3.77000000000000e+02 4.91268771004419e+22 8.95098799956347e+18 1.11584056793891e+20 
8.56444884911811e-05 3.77000000000000e+02 4.91083351389460e+22 1.15358423365139e+19 1.43498271111758e+20 
2.41232577522297e-04 3.77000000000000e+02 4.89640260611191e+22 3.19894696479425e+19 3.91209172142741e+20 
3.96820666553414e-04 3.77000000000000e+02 4.88282788605902e+22 5.17977158867011e+19 6.23087080722884e+20 
5.52408755584530e-04 3.77000000000000e+02 4.87005795593802e+22 7.09668670565537e+19 8.40147380803202e+20 
7.07996844615647e-04 3.77000000000000e+02 4.85804448253690e+22 8.95052271627178e+19 1.04334012861327e+21 
8.63584933646763e-04 3.77000000000000e+02 4.84674205850720e+22 1.07422795569191e+20 1.23355347239428e+21 
1.41222916315678e-03 3.77000000000000e+02 4.81195240702881e+22 1.65821504917429e+20 1.81254908326577e+21 
1.96087339266680e-03 3.77000000000000e+02 4.78385971144294e+22 2.17231672774470e+20 2.27158265926904e+21 
2.50951762217682e-03 3.77000000000000e+02 4.76114956920358e+22 2.62321069846388e+20 2.63560670991240e+21 
3.05816185168685e-03 3.77000000000000e+02 4.74276386346341e+22 3.01766535707843e+20 2.92442989299282e+21 
3.60680608119687e-03 3.77000000000000e+02 4.72784377706119e+22 3.36212464700018e+20 3.15393976305282e+21 
4.15545031070689e-03 3.77000000000000e+02 4.71571173442470e+22 3.66258385334493e+20 3.33648877451378e+21 
5.24289764984418e-03 3.77000000000000e+02 4.69784798551886e+22 4.14882676065299e+20 3.59651517116896e+21 
6.33034498898148e-03 3.77000000000000e+02 4.68584676575823e+22 4.51910312720988e+20 3.76248429307000e+21 
7.41779232811878e-03 3.77000000000000e+02 4.67773856018813e+22 4.80154739401726e+20 3.86815955110997e+21 
8.50523966725608e-03 3.77000000000000e+02 4.67217278814398e+22 5.01751863245612e+20 3.93628074430478e+21 
9.59268700639338e-03 3.77000000000000e+02 4.66825955706232e+22 5.18303870726932e+20 3.98144135097493e+21 
1.06801343455307e-02 3.77000000000000e+02 4.66546596346504e+22 5.31009101628228e+20 4.01190276111796e+21 
1.23210571310697e-02 3.77000000000000e+02 4.66266494421716e+22 5.44858959130050e+20 4.04022343107177e+21 
1.39619799166088e-02 3.77000000000000e+02 4.66092590056379e+22 5.54228071163055e+20 4.05626608007297e+21 
1.56029027021478e-02 3.77000000000000e+02 4.65986024114014e+22 5.60550651364361e+20 4.06493410814323e+21 
1.72438254876869e-02 3.77000000000000e+02 4.65921342672388e+22 5.64803434009499e+20 4.06936483117794e+21 
1.88847482732260e-02 3.77000000000000e+02 4.65878434050999e+22 5.67690230934101e+20 4.07217296160625e+21 
2.05256710587650e-02 3.77000000000000e+02 4.65846351997005e+22 5.69680250491136e+20 4.07460933329082e+21 
2.34225034395750e-02 3.77000000000000e+02 4.65810354063527e+22 5.71819213351723e+20 4.07753099426519e+21 
2.63193358203849e-02 3.77000000000000e+02 4.65794307999095e+22 5.72914662414673e+20 4.07854930902566e+21 
2.92161682011948e-02 3.77000000000000e+02 4.65789436750233e+22 5.73438989539556e+20 4.07847490454799e+21 
3.21130005820048e-02 3.77000000000000e+02 4.65787010727430e+22 5.73684542881414e+20 4.07846900242437e+21 
3.50098329628147e-02 3.77000000000000e+02 4.65784358969619e+22 5.73811404442328e+20 4.07874563086461e+21 
3.79066653436246e-02 3.77000000000000e+02 4.65782676202248e+22 5.73881835211046e+20 4.07894132280159e+21 
4.40873189652300e-02 3.77000000000000e+02 4.65781760695183e+22 5.73915108479463e+20 4.07905787767800e+21 
5.02679725868354e-02 3.77000000000000e+02 4.65782465493040e+22 5.73928353760248e+20 4.07889042754483e+21 
5.64486262084408e-02 3.77000000000000e+02 4.65782559551346e+22 5.73945221404905e+20 4.07883788059404e+21 
6.26292798300461e-02 3.77000000000000e+02 4.65782219582709e+22 5.73952305391730e+20 4.07889170634789e+21 
6.88099334516515e-02 3.77000000000000e+02 4.65782095351602e+22 5.73949633377907e+20 4.07892189659701e+21 
9.60581021081396e-02 3.77000000000000e+02 4.65782137682056e+22 5.73947873725140e+20 4.07891694981176e+21 
1.23306270764628e-01 3.77000000000000e+02 4.65782238977486e+22 5.73945228462464e+20 4.07890198125069e+21 
1.50554439421116e-01 3.77000000000000e+02 4.65782224729366e+22 5.73945850784036e+20 4.07890358623128e+21 
1.77802608077604e-01 3.77000000000000e+02 4.65782212846168e+22 5.73946306568453e+20 4.07890505130208e+21 
4.50284294642485e-01 3.77000000000000e+02 4.65782213461003e+22 5.73946293241946e+20 4.07890495498800e+21 
7.22765981207366e-01 3.77000000000000e+02 4.65782213728244e+22 5.73946280478744e+20 4.07890492706605e+21 
9.95247667772247e-01 3.77000000000000e+02 4.65782213731849e+22 5.73946280244894e+20 4.07890492681263e+21 
3.72006453342106e+00 3.77000000000000e+02 4.65782213731319e+22 5.73946280272754e+20 4.07890492686291e+21 
6.44488139906987e+00 3.77000000000000e+02 4.65782213731306e+22 5.73946280273483e+20 4.07890492686361e+21 
9.16969826471868e+00 3.77000000000000e+02 4.65782213731303e+22 5.73946280273481e+20 4.07890492686358e+21 
3.64178669212068e+01 3.77000000000000e+02 4.65782213731298e+22 5.73946280273477e+20 4.07890492686353e+21 
6.36660355776949e+01 3.77000000000000e+02 4.65782213731321e+22 5.73946280273495e+20 4.07890492686373e+21 
9.09142042341830e+01 3.77000000000000e+02 4.65782213731355e+22 5.73946280273522e+20 4.07890492686401e+21 
1.20914204234183e+02 3.77000000000000e+02 4.65782213731386e+22 5.73946280273547e+20 4.07890492686427e+21 
1.50914204234183e+02 3.77000000000000e+02 4.65782213731425e+22 5.73946280273579e+20 4.07890492686460e+21 
1.80914204234183e+02 3.77000000000000e+02 4.65782213731428e+22 5.73946280273580e+20 4.07890492686462e+21 
2.80914204234183e+02 3.77000000000000e+02 4.65782213731425e+22 5.73946280273579e+20 4.07890492686460e+21 
3.80914204234183e+02 3.77000000000000e+02 4.65782213731513e+22 5.73946280273649e+20 4.07890492686533e+21 
4.80914204234183e+02 3.77000000000000e+02 4.65782213731560e+22 5.73946280273687e+20 4.07890492686573e+21 
5.80914204234183e+02 3.77000000000000e+02 4.65782213731574e+22 5.73946280273698e+20 4.07890492686585e+21 
6.80914204234183e+02 3.77000000000000e+02 4.65782213731539e+22 5.73946280273670e+20 4.07890492686555e+21 
7.80914204234183e+02 3.77000000000000e+02 4.65782213731456e+22 5.73946280273604e+20 4.07890492686486e+21 
8.80914204234183e+02 3.77000000000000e+02 4.65782213731430e+22 5.73946280273582e+20 4.07890492686464e+21 
9.80914204234183e+02 3.77000000000000e+02 4.65782213731314e+22 5.73946280273490e+20 4.07890492686367e+21 
1.00000000000000e+03 3.77000000000000e+02 4.65782213731311e+22 5.73946280273487e+20 4.07890492686364e+21 
