Time(s)              GasTemp(K)           [O2(X)](m^-3)        [O2(a)](m^-3)        [O(3P)](m^-3)       
0.00000000000000e+00 3.77000000000000e+02 2.41508974334663e+22 0.00000000000000e+00 0.00000000000000e+00 
1.66259792948043e-16 3.77000000000000e+02 2.41508974334661e+22 8.19406203746506e+07 1.79861905886493e+08 
3.32519585896085e-16 3.77000000000000e+02 2.41508974334660e+22 1.63881240749299e+08 3.59723811772974e+08 
4.98779378844128e-16 3.77000000000000e+02 2.41508974334658e+22 2.45821861123944e+08 5.39585717659444e+08 
2.16137730832455e-15 3.77000000000000e+02 2.41508974334641e+22 1.06522806487016e+09 2.33820477652309e+09 
3.82397523780498e-15 3.77000000000000e+02 2.41508974334624e+22 1.88463426861611e+09 4.13682383538555e+09 
5.48657316728540e-15 3.77000000000000e+02 2.41508974334606e+22 2.70404047236180e+09 5.93544289424679e+09 
2.21125524620897e-14 3.77000000000000e+02 2.41508974334435e+22 1.08981025097952e+10 2.39216334827548e+10 
3.87385317568939e-14 3.77000000000000e+02 2.41508974334263e+22 1.90921645472021e+10 4.19078240711439e+10 
5.53645110516982e-14 3.77000000000000e+02 2.41508974334091e+22 2.72862265845818e+10 5.98940146594118e+10 
2.21624303999741e-13 3.77000000000000e+02 2.41508974332372e+22 1.09226846956041e+11 2.39755920531643e+11 
3.87884096947783e-13 3.77000000000000e+02 2.41508974330653e+22 1.91167467324840e+11 4.19617826391985e+11 
5.54143889895826e-13 3.77000000000000e+02 2.41508974328935e+22 2.73108087690929e+11 5.99479732240212e+11 
2.21674181937625e-12 3.77000000000000e+02 2.41508974311747e+22 1.09251429111804e+12 2.39809878967770e+12 
3.87933974885668e-12 3.77000000000000e+02 2.41508974294560e+22 1.91192049427911e+12 4.19671784592622e+12 
5.54193767833710e-12 3.77000000000000e+02 2.41508974277373e+22 2.73132669716912e+12 5.99533690096326e+12 
2.21679169731414e-11 3.77000000000000e+02 2.41508974105502e+22 1.09253887026918e+13 2.39815273468558e+13 
3.87938962679456e-11 3.77000000000000e+02 2.41508973933630e+22 1.91194506816109e+13 4.19677176738511e+13 
5.54198755627499e-11 3.77000000000000e+02 2.41508973761758e+22 2.73135126334225e+13 5.99539078796979e+13 
2.21679668510792e-10 3.77000000000000e+02 2.41508972043043e+22 1.09254129813812e+14 2.39815799490388e+14 
3.87939461458835e-10 3.77000000000000e+02 2.41508970324327e+22 1.91194744333832e+14 4.19677679211349e+14 
5.54199254406878e-10 3.77000000000000e+02 2.41508968605612e+22 2.73135356143113e+14 5.99539546817465e+14 
2.21679718388730e-09 3.77000000000000e+02 2.41508951418465e+22 1.09254124046328e+15 2.39815717810166e+15 
3.87939511336773e-09 3.77000000000000e+02 2.41508934231326e+22 1.91194685874660e+15 4.19677362041376e+15 
5.54199304284815e-09 3.77000000000000e+02 2.41508917044197e+22 2.73135220595614e+15 5.99538885124368e+15 
2.21679723376524e-08 3.77000000000000e+02 2.41508745173657e+22 1.09253823008504e+16 2.39814366826335e+16 
3.87939516324567e-08 3.77000000000000e+02 2.41508573303977e+22 1.91193857921207e+16 4.19673656177569e+16 
5.54199309272609e-08 3.77000000000000e+02 2.41508401435174e+22 2.73133621761693e+16 5.99531734068791e+16 
2.21679723875303e-07 3.77000000000000e+02 2.41506682822757e+22 1.09250788359572e+17 2.39800804394291e+17 
3.87939516823346e-07 3.77000000000000e+02 2.41504964296387e+22 1.91185554241695e+17 4.19636546697942e+17 
5.54199309771389e-07 3.77000000000000e+02 2.41503245857684e+22 2.73117609557291e+17 5.99460176618370e+17 
2.21679723925181e-06 3.77000000000000e+02 2.41486069027201e+22 1.09220446005359e+18 2.39665257236307e+18 
3.87939516873224e-06 3.77000000000000e+02 2.41468900796039e+22 1.91102534155388e+18 4.19265704174537e+18 
5.54199309821267e-06 3.77000000000000e+02 2.41451741319002e+22 2.72957532216462e+18 5.98745248786724e+18 
1.97242931910261e-05 3.77000000000000e+02 2.41305709439810e+22 9.70137096508498e+18 2.12502370403442e+19 
3.39065932838394e-05 3.77000000000000e+02 2.41160306106846e+22 1.66536509220175e+19 3.64263437193131e+19 
4.80888933766528e-05 3.77000000000000e+02 2.41015533591487e+22 2.35862900944440e+19 5.15155684462679e+19 
6.22711934694662e-05 3.77000000000000e+02 2.40871390685773e+22 3.04992688259280e+19 6.65181921261542e+19 
1.95135680165885e-04 3.77000000000000e+02 2.39550735321083e+22 9.43178068137321e+19 2.03012189088514e+20 
3.28000166862304e-04 3.77000000000000e+02 2.38282590727424e+22 1.56445287441600e+20 3.32386146564586e+20 
4.60864653558723e-04 3.77000000000000e+02 2.37064803217688e+22 2.16911793266225e+20 4.55010636862531e+20 
5.93729140255141e-04 3.77000000000000e+02 2.35895206638657e+22 2.75749690075614e+20 5.71254159049946e+20 
1.15441905199009e-03 3.77000000000000e+02 2.31446449876191e+22 5.06877452828592e+20 9.98749986037151e+20 
1.71510896372503e-03 3.77000000000000e+02 2.27681723294030e+22 7.12156859616869e+20 1.34113648889294e+21 
2.27579887545998e-03 3.77000000000000e+02 2.24483506514015e+22 8.94145170793881e+20 1.61680322254175e+21 
2.83648878719492e-03 3.77000000000000e+02 2.21757254442134e+22 1.05529835771649e+21 1.83974726307272e+21 
3.39717869892987e-03 3.77000000000000e+02 2.19426424743023e+22 1.19789891824430e+21 2.02071208183948e+21 
4.13672337077974e-03 3.77000000000000e+02 2.16853173494574e+22 1.36107597882180e+21 2.20900821037419e+21 
4.87626804262961e-03 3.77000000000000e+02 2.14741118625252e+22 1.49981864509082e+21 2.35393385170047e+21 
5.61581271447948e-03 3.77000000000000e+02 2.12998609587415e+22 1.61779453021242e+21 2.46648388902475e+21 
6.35535738632935e-03 3.77000000000000e+02 2.11555090962177e+22 1.71812464335822e+21 2.55452738778082e+21 
7.09490205817923e-03 3.77000000000000e+02 2.10354980076371e+22 1.80346489509502e+21 2.62386906146840e+21 
8.26136645353268e-03 3.77000000000000e+02 2.08854811896398e+22 1.91282577967278e+21 2.70518092830749e+21 
9.42783084888613e-03 3.77000000000000e+02 2.07716799107907e+22 1.99768515026497e+21 2.76306474482135e+21 
1.05942952442396e-02 3.77000000000000e+02 2.06847080459652e+22 2.06364143919284e+21 2.80509589661649e+21 
1.17607596395930e-02 3.77000000000000e+02 2.06180971815851e+22 2.11491183682547e+21 2.83577683011149e+21 
1.29272240349465e-02 3.77000000000000e+02 2.05670285402719e+22 2.15475251717737e+21 2.85823275203409e+21 
1.50068148372769e-02 3.77000000000000e+02 2.05037335373568e+22 2.20476693559416e+21 2.88479392103061e+21 
1.70864056396072e-02 3.77000000000000e+02 2.04631197746319e+22 2.23692995759448e+21 2.90169540247983e+21 
1.91659964419376e-02 3.77000000000000e+02 2.04366252197641e+22 2.25782617515359e+21 2.91289207709720e+21 
2.12455872442680e-02 3.77000000000000e+02 2.04198382027005e+22 2.27126452923566e+21 2.91958940306031e+21 
2.33251780465984e-02 3.77000000000000e+02 2.04097094979576e+22 2.27973181518956e+21 2.92291224063832e+21 
2.68649398401801e-02 3.77000000000000e+02 2.04008426626091e+22 2.28722893802962e+21 2.92565166565512e+21 
3.04047016337618e-02 3.77000000000000e+02 2.03965283774222e+22 2.29073509242790e+21 2.92726792722453e+21 
3.39444634273435e-02 3.77000000000000e+02 2.03940604956084e+22 2.29262525699136e+21 2.92842336171204e+21 
3.74842252209252e-02 3.77000000000000e+02 2.03927500067717e+22 2.29364284736678e+21 2.92900915862427e+21 
4.10239870145070e-02 3.77000000000000e+02 2.03921968081033e+22 2.29410923684945e+21 2.92918277699145e+21 
5.05514184933934e-02 3.77000000000000e+02 2.03916623571756e+22 2.29455287027590e+21 2.92936441198815e+21 
6.00788499722798e-02 3.77000000000000e+02 2.03917724252118e+22 2.29446869201092e+21 2.92931263245423e+21 
6.96062814511662e-02 3.77000000000000e+02 2.03918489831300e+22 2.29440444289800e+21 2.92928801485163e+21 
7.91337129300526e-02 3.77000000000000e+02 2.03918484690527e+22 2.29440337341601e+21 2.92929118197350e+21 
1.57824456664568e-01 3.77000000000000e+02 2.03918272419620e+22 2.29442052120396e+21 2.92929934058322e+21 
2.36515200399083e-01 3.77000000000000e+02 2.03918255800373e+22 2.29442192431584e+21 2.92929985820849e+21 
3.15205944133598e-01 3.77000000000000e+02 2.03918256608936e+22 2.29442186184939e+21 2.92929982142875e+21 
1.10211338147875e+00 3.77000000000000e+02 2.03918256852292e+22 2.29442184204661e+21 2.92929981236306e+21 
1.88902081882390e+00 3.77000000000000e+02 2.03918256845624e+22 2.29442184257030e+21 2.92929981264905e+21 
2.67592825616905e+00 3.77000000000000e+02 2.03918256845406e+22 2.29442184258715e+21 2.92929981265903e+21 
1.05450026296206e+01 3.77000000000000e+02 2.03918256845416e+22 2.29442184258702e+21 2.92929981265897e+21 
1.84140770030721e+01 3.77000000000000e+02 2.03918256845418e+22 2.29442184258702e+21 2.92929981265899e+21 
2.62831513765236e+01 3.77000000000000e+02 2.03918256845423e+22 2.29442184258706e+21 2.92929981265904e+21 
1.04973895111039e+02 3.77000000000000e+02 2.03918256845458e+22 2.29442184258739e+21 2.92929981265952e+21 
1.83664638845554e+02 3.77000000000000e+02 2.03918256845521e+22 2.29442184258798e+21 2.92929981266037e+21 
2.62355382580069e+02 3.77000000000000e+02 2.03918256845579e+22 2.29442184258851e+21 2.92929981266116e+21 
3.62355382580069e+02 3.77000000000000e+02 2.03918256845566e+22 2.29442184258839e+21 2.92929981266098e+21 
4.62355382580069e+02 3.77000000000000e+02 2.03918256845552e+22 2.29442184258826e+21 2.92929981266079e+21 
5.62355382580069e+02 3.77000000000000e+02 2.03918256845525e+22 2.29442184258801e+21 2.92929981266043e+21 
6.62355382580069e+02 3.77000000000000e+02 2.03918256845594e+22 2.29442184258866e+21 2.92929981266136e+21 
7.62355382580069e+02 3.77000000000000e+02 2.03918256845617e+22 2.29442184258887e+21 2.92929981266167e+21 
8.62355382580069e+02 3.77000000000000e+02 2.03918256845706e+22 2.29442184258970e+21 2.92929981266288e+21 
9.62355382580069e+02 3.77000000000000e+02 2.03918256845683e+22 2.29442184258949e+21 2.92929981266257e+21 
1.00000000000000e+03 3.77000000000000e+02 2.03918256845691e+22 2.29442184258956e+21 2.92929981266267e+21 
