Time(s)              GasTemp(K)           [O2(X)](m^-3)        [O2(a)](m^-3)        [O(3P)](m^-3)       
0.00000000000000e+00 3.77000000000000e+02 2.26557478802374e+23 0.00000000000000e+00 0.00000000000000e+00 
4.40038294574201e-17 3.77000000000000e+02 2.26557478802373e+23 9.71711110765676e+07 6.70571926285341e+08 
8.80076589148403e-17 3.77000000000000e+02 2.26557478802373e+23 1.94342222153134e+08 1.34114385257068e+09 
1.32011488372260e-16 3.77000000000000e+02 2.26557478802372e+23 2.91513333229700e+08 2.01171577885602e+09 
5.72049782946462e-16 3.77000000000000e+02 2.26557478802368e+23 1.26322444399527e+09 8.71743504170915e+09 
1.01208807752066e-15 3.77000000000000e+02 2.26557478802364e+23 2.23493555476074e+09 1.54231543045620e+10 
1.45212637209486e-15 3.77000000000000e+02 2.26557478802359e+23 3.20664666552611e+09 2.21288735674146e+10 
5.85250931783688e-15 3.77000000000000e+02 2.26557478802316e+23 1.29237577731712e+10 8.91860661959181e+10 
1.02528922635789e-14 3.77000000000000e+02 2.26557478802273e+23 2.26408688808065e+10 1.56243258824396e+11 
1.46532752093209e-14 3.77000000000000e+02 2.26557478802230e+23 3.23579799884318e+10 2.23300451452847e+11 
5.86571046667410e-14 3.77000000000000e+02 2.26557478801797e+23 1.29529091063823e+11 8.93872377735094e+11 
1.02660934124161e-13 3.77000000000000e+02 2.26557478801365e+23 2.26700202138232e+11 1.56444430401476e+12 
1.46664763581581e-13 3.77000000000000e+02 2.26557478800932e+23 3.23871313211642e+11 2.23501623029180e+12 
5.86703058155783e-13 3.77000000000000e+02 2.26557478796608e+23 1.29558242385953e+12 8.94073549283548e+12 
1.02674135272998e-12 3.77000000000000e+02 2.26557478792283e+23 2.26729353440931e+12 1.56464547551212e+13 
1.46677964730419e-12 3.77000000000000e+02 2.26557478787958e+23 3.23900464485913e+12 2.23521740171440e+13 
5.86716259304620e-12 3.77000000000000e+02 2.26557478744713e+23 1.29561157407362e+13 8.94093666147027e+13 
1.02675455387882e-11 3.77000000000000e+02 2.26557478701467e+23 2.26732268268023e+13 1.56466559186463e+14 
1.46679284845302e-11 3.77000000000000e+02 2.26557478658221e+23 3.23903379028718e+13 2.23523751731936e+14 
5.86717579419504e-11 3.77000000000000e+02 2.26557478225764e+23 1.29561447801458e+14 8.94095674919702e+14 
1.02675587399370e-10 3.77000000000000e+02 2.26557477793307e+23 2.26732556718952e+14 1.56466759552762e+15 
1.46679416856791e-10 3.77000000000000e+02 2.26557477360850e+23 3.23903664636777e+14 2.23523951350686e+15 
5.86717711430992e-10 3.77000000000000e+02 2.26557473036280e+23 1.29561465760409e+15 8.94095846660234e+15 
1.02675600600519e-09 3.77000000000000e+02 2.26557468711709e+23 2.26732555246188e+15 1.56466771617133e+16 
1.46679430057939e-09 3.77000000000000e+02 2.26557464387139e+23 3.23903634735242e+15 2.23523955939550e+16 
5.86717724632141e-09 3.77000000000000e+02 2.26557421141459e+23 1.29561356750514e+16 8.94095572466207e+16 
1.02675601920634e-08 3.77000000000000e+02 2.26557377895802e+23 2.26732251915249e+16 1.56466693100669e+17 
1.46679431378054e-08 3.77000000000000e+02 2.26557334650168e+23 3.23903047108440e+16 2.23523802667534e+17 
5.86717725952256e-08 3.77000000000000e+02 2.26556902195820e+23 1.29560237671117e+17 8.94092631292630e+17 
1.02675602052646e-07 3.77000000000000e+02 2.26556469743744e+23 2.26729189236261e+17 1.56465887989347e+18 
1.46679431510066e-07 3.77000000000000e+02 2.26556037293983e+23 3.23897140657547e+17 2.23522249951501e+18 
5.86717726084267e-07 3.77000000000000e+02 2.26551712996093e+23 1.29549031932197e+18 8.94063192296829e+18 
1.02675602065847e-06 3.77000000000000e+02 2.26547388925697e+23 2.26698508595495e+18 1.56457831815175e+19 
1.46679431523267e-06 3.77000000000000e+02 2.26543065087323e+23 3.23837941000281e+18 2.23506712812305e+19 
5.86717726097468e-06 3.77000000000000e+02 2.26499839154138e+23 1.29469062106093e+19 8.93854840496485e+19 
1.02675602067167e-05 3.77000000000000e+02 2.26456636536577e+23 2.26452528892900e+19 1.56394025814762e+20 
1.46679431524587e-05 3.77000000000000e+02 2.26413457617867e+23 3.23331796425420e+19 2.23376009728436e+20 
1.90683260982007e-05 3.77000000000000e+02 2.26370302686949e+23 4.20104841330120e+19 2.90331262582970e+20 
5.85250371431057e-05 3.77000000000000e+02 2.25984480901922e+23 1.28262042330793e+20 8.89471716241511e+20 
9.79817481880108e-05 3.77000000000000e+02 2.25600777635496e+23 2.13515081402203e+20 1.48637217095101e+21 
1.37438459232916e-04 3.77000000000000e+02 2.25219344454022e+23 2.97655021973017e+20 2.08095865275719e+21 
1.76895170277821e-04 3.77000000000000e+02 2.24840334626022e+23 3.80566765021583e+20 2.67315482266012e+21 
4.38213290579168e-04 3.77000000000000e+02 2.22400638133942e+23 8.91970301144412e+20 6.52974073457480e+21 
6.99531410880515e-04 3.77000000000000e+02 2.20107296449198e+23 1.32104544483813e+21 1.02582738166739e+22 
9.60849531181863e-04 3.77000000000000e+02 2.17983066770857e+23 1.65384371395168e+21 1.38411366351294e+22 
1.22216765148321e-03 3.77000000000000e+02 2.16037191490893e+23 1.88829377445906e+21 1.72639870740424e+22 
1.48348577178456e-03 3.77000000000000e+02 2.14267496740564e+23 2.03198979709921e+21 2.05159845294198e+22 
1.76677990288338e-03 3.77000000000000e+02 2.12536352473322e+23 2.10122861715802e+21 2.38397954237856e+22 
2.05007403398219e-03 3.77000000000000e+02 2.10981609897761e+23 2.10131476318276e+21 2.69491082828595e+22 
2.33336816508101e-03 3.77000000000000e+02 2.09582404457661e+23 2.05339758666296e+21 2.98433535160987e+22 
2.61666229617983e-03 3.77000000000000e+02 2.08318987130014e+23 1.97575902335690e+21 3.25254652980050e+22 
2.89995642727865e-03 3.77000000000000e+02 2.07174053349951e+23 1.88285926631914e+21 3.50011323722059e+22 
3.18325055837747e-03 3.77000000000000e+02 2.06133063043590e+23 1.78532790051802e+21 3.72781757165315e+22 
4.01026448743432e-03 3.77000000000000e+02 2.03586218104545e+23 1.53210416059634e+21 4.28783130744639e+22 
4.26236373196141e-03 3.77000000000000e+02 2.02935493281927e+23 1.46791326692067e+21 4.43081445070510e+22 
4.51446297648850e-03 3.77000000000000e+02 2.02335411141720e+23 1.41118796608689e+21 4.56217593891339e+22 
4.76656222101558e-03 3.77000000000000e+02 2.01782266191836e+23 1.36192311321331e+21 4.68265789946474e+22 
5.01866146554267e-03 3.77000000000000e+02 2.01273014866527e+23 1.31927604447726e+21 4.79303757827394e+22 
5.27076071006976e-03 3.77000000000000e+02 2.00804867850367e+23 1.28225057345070e+21 4.89407207571119e+22 
5.52285995459685e-03 3.77000000000000e+02 2.00375088590298e+23 1.25004809097582e+21 4.98646842421989e+22 
6.07449328656104e-03 3.77000000000000e+02 1.99555809879460e+23 1.19362216437582e+21 5.16160935170751e+22 
6.62612661852523e-03 3.77000000000000e+02 1.98881648474206e+23 1.15177258083572e+21 5.30481154946627e+22 
7.17775995048942e-03 3.77000000000000e+02 1.98329208421099e+23 1.12027613426339e+21 5.42159884940227e+22 
7.72939328245361e-03 3.77000000000000e+02 1.97878056004716e+23 1.09624148012245e+21 5.51663626350710e+22 
8.28102661441780e-03 3.77000000000000e+02 1.97510637043091e+23 1.07770504271687e+21 5.59382734331315e+22 
9.13520621266579e-03 3.77000000000000e+02 1.97074031113439e+23 1.05684547879409e+21 5.68532044202802e+22 
9.98938581091379e-03 3.77000000000000e+02 1.96758756710792e+23 1.04236253298283e+21 5.75127191171972e+22 
1.08435654091618e-02 3.77000000000000e+02 1.96531153447354e+23 1.03219131603927e+21 5.79882680779597e+22 
1.16977450074098e-02 3.77000000000000e+02 1.96367027903409e+23 1.02507763198211e+21 5.83307465339639e+22 
1.25519246056578e-02 3.77000000000000e+02 1.96248953356926e+23 1.02010032038998e+21 5.85768502501158e+22 
1.42322671116638e-02 3.77000000000000e+02 1.96108711103696e+23 1.01438559096722e+21 5.88687642154196e+22 
1.59126096176699e-02 3.77000000000000e+02 1.96035556281571e+23 1.01142027193008e+21 5.90210044977445e+22 
1.75929521236759e-02 3.77000000000000e+02 1.95995270621877e+23 1.00973241437154e+21 5.91049515322489e+22 
1.92732946296819e-02 3.77000000000000e+02 1.95972967477161e+23 1.00875873553471e+21 5.91515051793551e+22 
2.09536371356880e-02 3.77000000000000e+02 1.95961353787238e+23 1.00815206335487e+21 5.91759459035604e+22 
2.44356373473732e-02 3.77000000000000e+02 1.95954376226310e+23 1.00797520174541e+21 5.91902547486341e+22 
2.79176375590584e-02 3.77000000000000e+02 1.95952420965916e+23 1.00788282457429e+21 5.91943500237648e+22 
3.13996377707437e-02 3.77000000000000e+02 1.95950351138509e+23 1.00774376500834e+21 5.91987677977055e+22 
3.48816379824289e-02 3.77000000000000e+02 1.95949197635494e+23 1.00769170993539e+21 5.92011789138725e+22 
3.83636381941141e-02 3.77000000000000e+02 1.95949224348684e+23 1.00770261718866e+21 5.92011036729842e+22 
5.52710880699541e-02 3.77000000000000e+02 1.95949245205189e+23 1.00770148474002e+21 5.92010642248607e+22 
7.21785379457941e-02 3.77000000000000e+02 1.95949791079515e+23 1.00772424918294e+21 5.91999269473418e+22 
8.90859878216341e-02 3.77000000000000e+02 1.95949732194135e+23 1.00772145983600e+21 5.92000502968082e+22 
1.05993437697474e-01 3.77000000000000e+02 1.95949648894120e+23 1.00771801305413e+21 5.92002237904053e+22 
2.75067936455874e-01 3.77000000000000e+02 1.95949646803315e+23 1.00771792841633e+21 5.92002281412951e+22 
4.44142435214274e-01 3.77000000000000e+02 1.95949649047629e+23 1.00771802080479e+21 5.92002234678922e+22 
6.13216933972673e-01 3.77000000000000e+02 1.95949649098795e+23 1.00771802281520e+21 5.92002233615381e+22 
2.30396192155667e+00 3.77000000000000e+02 1.95949649093655e+23 1.00771802263439e+21 5.92002233721797e+22 
3.99470690914067e+00 3.77000000000000e+02 1.95949649093502e+23 1.00771802262824e+21 5.92002233724979e+22 
5.68545189672467e+00 3.77000000000000e+02 1.95949649093504e+23 1.00771802262821e+21 5.92002233724961e+22 
2.25929017725646e+01 3.77000000000000e+02 1.95949649093508e+23 1.00771802262821e+21 5.92002233724962e+22 
3.95003516484046e+01 3.77000000000000e+02 1.95949649093511e+23 1.00771802262821e+21 5.92002233724964e+22 
5.64078015242446e+01 3.77000000000000e+02 1.95949649093502e+23 1.00771802262821e+21 5.92002233724959e+22 
1.56407801524245e+02 3.77000000000000e+02 1.95949649093464e+23 1.00771802262822e+21 5.92002233724937e+22 
2.56407801524245e+02 3.77000000000000e+02 1.95949649093280e+23 1.00771802262825e+21 5.92002233724832e+22 
3.56407801524245e+02 3.77000000000000e+02 1.95949649093177e+23 1.00771802262826e+21 5.92002233724774e+22 
4.56407801524245e+02 3.77000000000000e+02 1.95949649093140e+23 1.00771802262827e+21 5.92002233724753e+22 
5.56407801524245e+02 3.77000000000000e+02 1.95949649093109e+23 1.00771802262827e+21 5.92002233724735e+22 
6.56407801524245e+02 3.77000000000000e+02 1.95949649093040e+23 1.00771802262829e+21 5.92002233724696e+22 
7.56407801524245e+02 3.77000000000000e+02 1.95949649093073e+23 1.00771802262828e+21 5.92002233724715e+22 
8.56407801524245e+02 3.77000000000000e+02 1.95949649093056e+23 1.00771802262828e+21 5.92002233724705e+22 
9.56407801524245e+02 3.77000000000000e+02 1.95949649093075e+23 1.00771802262828e+21 5.92002233724716e+22 
1.00000000000000e+03 3.77000000000000e+02 1.95949649093080e+23 1.00771802262828e+21 5.92002233724719e+22 
