Time(s)              GasTemp(K)           [O2(X)](m^-3)        [O2(a)](m^-3)        [O(3P)](m^-3)       
0.00000000000000e+00 3.77000000000000e+02 4.78738862216647e+22 0.00000000000000e+00 0.00000000000000e+00 
9.00738975276030e-17 3.77000000000000e+02 4.78738862216645e+22 7.27408251611207e+07 2.84818088450940e+08 
1.80147795055206e-16 3.77000000000000e+02 4.78738862216643e+22 1.45481650322240e+08 5.69636176901868e+08 
2.70221692582809e-16 3.77000000000000e+02 4.78738862216641e+22 2.18222475483359e+08 8.54454265352785e+08 
1.17096066785884e-15 3.77000000000000e+02 4.78738862216619e+22 9.45630727094457e+08 3.70263514986089e+09 
2.07169964313487e-15 3.77000000000000e+02 4.78738862216598e+22 1.67303897870545e+09 6.55081603436779e+09 
2.97243861841090e-15 3.77000000000000e+02 4.78738862216576e+22 2.40044723031635e+09 9.39899691887348e+09 
1.19798283711712e-14 3.77000000000000e+02 4.78738862216361e+22 9.67452974641634e+09 3.78808057638248e+10 
2.09872181239315e-14 3.77000000000000e+02 4.78738862216146e+22 1.69486122625062e+10 6.63626146086561e+10 
2.99946078766918e-14 3.77000000000000e+02 4.78738862215931e+22 2.42226947785857e+10 9.48444234533651e+10 
1.20068505404295e-13 3.77000000000000e+02 4.78738862213779e+22 9.69635199384878e+10 3.79662511889907e+11 
2.10142402931898e-13 3.77000000000000e+02 4.78738862211628e+22 1.69704345097374e+11 6.64480600314444e+11 
3.00216300459501e-13 3.77000000000000e+02 4.78738862209476e+22 2.42445170255225e+11 9.49298688726751e+11 
1.20095527573553e-12 3.77000000000000e+02 4.78738862187961e+22 9.69853421744458e+11 3.79747957179500e+12 
2.10169425101156e-12 3.77000000000000e+02 4.78738862166446e+22 1.69726167313209e+12 6.64566045366284e+12 
3.00243322628759e-12 3.77000000000000e+02 4.78738862144931e+22 2.42466992441621e+12 9.49384133430756e+12 
1.20098229790479e-11 3.77000000000000e+02 4.78738861929781e+22 9.69875242832981e+12 3.79756500352728e+13 
2.10172127318082e-11 3.77000000000000e+02 4.78738861714631e+22 1.69728349220837e+13 6.64574586161981e+13 
3.00246024845685e-11 3.77000000000000e+02 4.78738861499482e+22 2.42469174054856e+13 9.49392670748106e+13 
1.20098500012171e-10 3.77000000000000e+02 4.78738859347983e+22 9.69877413467484e+13 3.79757341112747e+14 
2.10172397539774e-10 3.77000000000000e+02 4.78738857196484e+22 1.69728564272042e+14 6.64575403146684e+14 
3.00246295067377e-10 3.77000000000000e+02 4.78738855044986e+22 2.42469386162129e+14 9.49393452949345e+14 
1.20098527034341e-09 3.77000000000000e+02 4.78738833530008e+22 9.69877515787432e+14 3.79757289615756e+15 
2.10172424561944e-09 3.77000000000000e+02 4.78738812015036e+22 1.69728554381575e+15 6.64575113896636e+15 
3.00246322089547e-09 3.77000000000000e+02 4.78738790500072e+22 2.42469346832347e+15 9.49392815864872e+15 
1.20098529736558e-08 3.77000000000000e+02 4.78738575351045e+22 9.69876378583813e+15 3.79755928740983e+16 
2.10172427264161e-08 3.77000000000000e+02 4.78738360202720e+22 1.69728239436271e+16 6.64571375501381e+16 
3.00246324791764e-08 3.77000000000000e+02 4.78738145055110e+22 2.42468737493213e+16 9.49385599148204e+16 
1.20098530006779e-07 3.77000000000000e+02 4.78735993640677e+22 9.69864790448224e+16 3.79742235888054e+17 
2.10172427534382e-07 3.77000000000000e+02 4.78733842296421e+22 1.69725068341038e+17 6.64533908452755e+17 
3.00246325061985e-07 3.77000000000000e+02 4.78731691023667e+22 2.42462622392261e+17 9.49313351168212e+17 
1.20098530033802e-06 3.77000000000000e+02 4.78710184460458e+22 9.69748881586586e+17 3.79605347472178e+18 
2.10172427561405e-06 3.77000000000000e+02 4.78688684912557e+22 1.69693351416893e+18 6.64159378961893e+18 
3.00246325089008e-06 3.77000000000000e+02 4.78667192508750e+22 2.42401458685015e+18 9.48591240563104e+18 
1.18498752229588e-05 3.77000000000000e+02 4.78456452791057e+22 9.56035231483758e+18 3.73611804882289e+19 
2.06972871950275e-05 3.77000000000000e+02 4.78246395406448e+22 1.66867460879199e+19 6.51198698638815e+19 
2.95446991670962e-05 3.77000000000000e+02 4.78037023115282e+22 2.38031108374305e+19 9.27615985980458e+19 
3.83921111391648e-05 3.77000000000000e+02 4.77828335407685e+22 3.09094069560411e+19 1.20286547880261e+20 
1.26866230859852e-04 3.77000000000000e+02 4.75778350599339e+22 1.01413280584435e+20 3.89275762292735e+20 
2.15340350580539e-04 3.77000000000000e+02 4.73794351654394e+22 1.70895329356915e+20 6.47111453736808e+20 
3.03814470301226e-04 3.77000000000000e+02 4.71874334822208e+22 2.39345949467371e+20 8.94213579953027e+20 
3.92288590021912e-04 3.77000000000000e+02 4.70016244474744e+22 3.06757466765683e+20 1.13100861484922e+21 
7.92217750434240e-04 3.77000000000000e+02 4.62337916725351e+22 5.98478236742543e+20 2.08323262477400e+21 
1.19214691084657e-03 3.77000000000000e+02 4.55712438903514e+22 8.68948128453712e+20 2.86738840571904e+21 
1.59207607125890e-03 3.77000000000000e+02 4.49985292100955e+22 1.11871627197489e+21 3.51328147918859e+21 
1.99200523167122e-03 3.77000000000000e+02 4.45023913807955e+22 1.34876481546239e+21 4.04546005081347e+21 
2.39193439208355e-03 3.77000000000000e+02 4.40715474660906e+22 1.56030743623466e+21 4.48406263867879e+21 
3.00796543932263e-03 3.77000000000000e+02 4.35137359186026e+22 1.85289084748925e+21 5.01451891114555e+21 
3.62399648656171e-03 3.77000000000000e+02 4.30596662307751e+22 2.10938399981092e+21 5.40967198215731e+21 
4.24002753380079e-03 3.77000000000000e+02 4.26872112558806e+22 2.33430427566180e+21 5.70474138024464e+21 
4.85605858103987e-03 3.77000000000000e+02 4.23791824813335e+22 2.53169029865713e+21 5.92602688334815e+21 
5.47208962827895e-03 3.77000000000000e+02 4.21222971164155e+22 2.70509040804794e+21 6.09299739440255e+21 
6.08812067551803e-03 3.77000000000000e+02 4.19062295464738e+22 2.85761958454922e+21 6.22007418128349e+21 
7.10643663987046e-03 3.77000000000000e+02 4.16184715550288e+22 3.07097486754115e+21 6.36887959818957e+21 
8.12475260422288e-03 3.77000000000000e+02 4.13964932920723e+22 3.24445114661384e+21 6.46588356595749e+21 
9.14306856857531e-03 3.77000000000000e+02 4.12230164857910e+22 3.38591122503235e+21 6.52991702168383e+21 
1.01613845329277e-02 3.77000000000000e+02 4.10853047445809e+22 3.50160613521847e+21 6.57395068373234e+21 
1.11797004972802e-02 3.77000000000000e+02 4.09742964727407e+22 3.59649133377262e+21 6.60619683030456e+21 
1.21980164616326e-02 3.77000000000000e+02 4.08843711675431e+22 3.67437151676170e+21 6.63028707472131e+21 
1.47014759082482e-02 3.77000000000000e+02 4.07253632635260e+22 3.81249531007160e+21 6.67205529613355e+21 
1.67018850550053e-02 3.77000000000000e+02 4.06444423638792e+22 3.88418298346861e+21 6.69052174863177e+21 
1.87022942017624e-02 3.77000000000000e+02 4.05929000487286e+22 3.93208897264399e+21 6.69779440058178e+21 
2.07027033485195e-02 3.77000000000000e+02 4.05589877498918e+22 3.96431039697873e+21 6.70117614958590e+21 
2.27031124952766e-02 3.77000000000000e+02 4.05352636132038e+22 3.98638155747641e+21 6.70448210196718e+21 
2.47035216420337e-02 3.77000000000000e+02 4.05183811012392e+22 4.00163463768565e+21 6.70774096547875e+21 
2.82764603391487e-02 3.77000000000000e+02 4.04988898465907e+22 4.01863239734859e+21 6.71272795545115e+21 
3.18493990362636e-02 3.77000000000000e+02 4.04895965308189e+22 4.02732085901730e+21 6.71393766365398e+21 
3.54223377333786e-02 3.77000000000000e+02 4.04859059780806e+22 4.03125743019623e+21 6.71344562676686e+21 
3.89952764304935e-02 3.77000000000000e+02 4.04840942587630e+22 4.03293151392102e+21 6.71372089794926e+21 
4.25682151276085e-02 3.77000000000000e+02 4.04828744923220e+22 4.03376873501406e+21 6.71448598864528e+21 
4.61411538247235e-02 3.77000000000000e+02 4.04822395329558e+22 4.03428282207151e+21 6.71472773326375e+21 
5.32450512755858e-02 3.77000000000000e+02 4.04819549765674e+22 4.03455877127750e+21 6.71474494763089e+21 
6.03489487264481e-02 3.77000000000000e+02 4.04819457155890e+22 4.03469809653164e+21 6.71448481907962e+21 
6.74528461773104e-02 3.77000000000000e+02 4.04818385648625e+22 4.03479329852323e+21 6.71450871654920e+21 
7.45567436281727e-02 3.77000000000000e+02 4.04817813844089e+22 4.03479968843083e+21 6.71461029764119e+21 
8.16606410790350e-02 3.77000000000000e+02 4.04818088830921e+22 4.03476806755578e+21 6.71461854202509e+21 
1.15409682206660e-01 3.77000000000000e+02 4.04818269466249e+22 4.03475585450235e+21 6.71460684106653e+21 
1.49158723334285e-01 3.77000000000000e+02 4.04818283127058e+22 4.03476439848092e+21 6.71458702094639e+21 
1.82907764461910e-01 3.77000000000000e+02 4.04818285146566e+22 4.03476160123999e+21 6.71459221152585e+21 
2.16656805589534e-01 3.77000000000000e+02 4.04818311560882e+22 4.03475835970344e+21 6.71459341173561e+21 
5.54147216865783e-01 3.77000000000000e+02 4.04818311461296e+22 4.03475851017173e+21 6.71459313071596e+21 
8.91637628142032e-01 3.77000000000000e+02 4.04818310434810e+22 4.03475861344865e+21 6.71459312945925e+21 
1.22912803941828e+00 3.77000000000000e+02 4.04818310458828e+22 4.03475861106481e+21 6.71459312942331e+21 
4.60403215218077e+00 3.77000000000000e+02 4.04818310463217e+22 4.03475861065822e+21 6.71459312935885e+21 
7.97893626494326e+00 3.77000000000000e+02 4.04818310463140e+22 4.03475861066507e+21 6.71459312935962e+21 
1.13538403777057e+01 3.77000000000000e+02 4.04818310463149e+22 4.03475861066437e+21 6.71459312935961e+21 
4.51028815053306e+01 3.77000000000000e+02 4.04818310463157e+22 4.03475861066441e+21 6.71459312935972e+21 
5.52275938436181e+01 3.77000000000000e+02 4.04818310463152e+22 4.03475861066439e+21 6.71459312935966e+21 
5.82650075451043e+01 3.77000000000000e+02 4.04818310463146e+22 4.03475861066436e+21 6.71459312935957e+21 
6.13024212465906e+01 3.77000000000000e+02 4.04818310463146e+22 4.03475861066436e+21 6.71459312935956e+21 
6.43398349480768e+01 3.77000000000000e+02 4.04818310463143e+22 4.03475861066434e+21 6.71459312935952e+21 
9.47139719629392e+01 3.77000000000000e+02 4.04818310463223e+22 4.03475861066470e+21 6.71459312936064e+21 
1.25088108977802e+02 3.77000000000000e+02 4.04818310463262e+22 4.03475861066488e+21 6.71459312936120e+21 
1.55462245992664e+02 3.77000000000000e+02 4.04818310463229e+22 4.03475861066473e+21 6.71459312936074e+21 
1.85462245992664e+02 3.77000000000000e+02 4.04818310463266e+22 4.03475861066490e+21 6.71459312936126e+21 
2.15462245992664e+02 3.77000000000000e+02 4.04818310463274e+22 4.03475861066493e+21 6.71459312936136e+21 
2.45462245992664e+02 3.77000000000000e+02 4.04818310463315e+22 4.03475861066512e+21 6.71459312936195e+21 
2.75462245992664e+02 3.77000000000000e+02 4.04818310463348e+22 4.03475861066526e+21 6.71459312936241e+21 
3.05462245992664e+02 3.77000000000000e+02 4.04818310463342e+22 4.03475861066524e+21 6.71459312936233e+21 
3.35462245992664e+02 3.77000000000000e+02 4.04818310463322e+22 4.03475861066515e+21 6.71459312936204e+21 
3.38162245992664e+02 3.77000000000000e+02 4.04818310463322e+22 4.03475861066515e+21 6.71459312936205e+21 
3.40862245992664e+02 3.77000000000000e+02 4.04818310463323e+22 4.03475861066515e+21 6.71459312936206e+21 
3.43562245992664e+02 3.77000000000000e+02 4.04818310463328e+22 4.03475861066517e+21 6.71459312936213e+21 
3.70562245992664e+02 3.77000000000000e+02 4.04818310463333e+22 4.03475861066520e+21 6.71459312936221e+21 
3.97562245992664e+02 3.77000000000000e+02 4.04818310463380e+22 4.03475861066541e+21 6.71459312936286e+21 
4.24562245992664e+02 3.77000000000000e+02 4.04818310463344e+22 4.03475861066524e+21 6.71459312936236e+21 
5.24562245992664e+02 3.77000000000000e+02 4.04818310463376e+22 4.03475861066539e+21 6.71459312936280e+21 
6.24562245992664e+02 3.77000000000000e+02 4.04818310463448e+22 4.03475861066571e+21 6.71459312936382e+21 
7.24562245992664e+02 3.77000000000000e+02 4.04818310463396e+22 4.03475861066548e+21 6.71459312936309e+21 
8.24562245992664e+02 3.77000000000000e+02 4.04818310463525e+22 4.03475861066606e+21 6.71459312936491e+21 
9.24562245992664e+02 3.77000000000000e+02 4.04818310463364e+22 4.03475861066533e+21 6.71459312936263e+21 
1.00000000000000e+03 3.77000000000000e+02 4.04818310463236e+22 4.03475861066476e+21 6.71459312936084e+21 
