Time(s)              GasTemp(K)           [O2(X)](m^-3)        [O2(a)](m^-3)        [O(3P)](m^-3)       
0.00000000000000e+00 3.77000000000000e+02 4.65142790302269e+22 0.00000000000000e+00 0.00000000000000e+00 
8.57821219731304e-17 3.77000000000000e+02 4.65142790302266e+22 1.00444620163763e+08 2.58951645339134e+08 
1.71564243946261e-16 3.77000000000000e+02 4.65142790302264e+22 2.00889240327524e+08 5.17903290678262e+08 
2.57346365919391e-16 3.77000000000000e+02 4.65142790302262e+22 3.01333860491285e+08 7.76854936017384e+08 
1.11516758565069e-15 3.77000000000000e+02 4.65142790302239e+22 1.30578006212879e+09 3.36637138940803e+09 
1.97298880538200e-15 3.77000000000000e+02 4.65142790302216e+22 2.31022626376619e+09 5.95588784279803e+09 
2.83081002511330e-15 3.77000000000000e+02 4.65142790302193e+22 3.31467246540347e+09 8.54540429618736e+09 
1.14090222224263e-14 3.77000000000000e+02 4.65142790301963e+22 1.33591344817666e+10 3.44405688300238e+10 
1.99872344197394e-14 3.77000000000000e+02 4.65142790301733e+22 2.34035964981186e+10 6.03357333637954e+10 
2.85654466170524e-14 3.77000000000000e+02 4.65142790301503e+22 3.34480585144593e+10 8.62308978975011e+10 
1.14347568590183e-13 3.77000000000000e+02 4.65142790299204e+22 1.33892678676892e+11 3.45182543228864e+11 
2.00129690563313e-13 3.77000000000000e+02 4.65142790296905e+22 2.34337298838216e+11 6.04134188553749e+11 
2.85911812536444e-13 3.77000000000000e+02 4.65142790294605e+22 3.34781918998410e+11 8.63085833872031e+11 
1.14373303226775e-12 3.77000000000000e+02 4.65142790271613e+22 1.33922812050292e+12 3.45260228648555e+12 
2.00155425199905e-12 3.77000000000000e+02 4.65142790248621e+22 2.34367432189656e+12 6.04211873845118e+12 
2.85937547173035e-12 3.77000000000000e+02 4.65142790225629e+22 3.34812052317723e+12 8.63163518975666e+12 
1.14375876690434e-11 3.77000000000000e+02 4.65142789995709e+22 1.33925825262409e+13 3.45267996458804e+13 
2.00157998663564e-11 3.77000000000000e+02 4.65142789765788e+22 2.34370445182171e+13 6.04219640372156e+13 
2.85940120636695e-11 3.77000000000000e+02 4.65142789535868e+22 3.34815064988957e+13 8.63171283625358e+13 
1.14376134036800e-10 3.77000000000000e+02 4.65142787236664e+22 1.33926125331391e+14 3.45268765922628e+14 
2.00158256009930e-10 3.77000000000000e+02 4.65142784937459e+22 2.34370743055130e+14 6.04220397003876e+14 
2.85940377983061e-10 3.77000000000000e+02 4.65142782638255e+22 3.34815359649117e+14 8.63172021483610e+14 
1.14376159771436e-09 3.77000000000000e+02 4.65142759646216e+22 1.33926142815990e+15 3.45268769697019e+15 
2.00158281744567e-09 3.77000000000000e+02 4.65142736654181e+22 2.34370738579483e+15 6.04220272457240e+15 
2.85940403717697e-09 3.77000000000000e+02 4.65142713662151e+22 3.34815323045459e+15 8.63171709202372e+15 
1.14376162344900e-08 3.77000000000000e+02 4.65142483742230e+22 1.33926019341157e+16 3.45268038355915e+16 
2.00158284318030e-08 3.77000000000000e+02 4.65142253822744e+22 2.34370395501179e+16 6.04218257908675e+16 
2.85940406291161e-08 3.77000000000000e+02 4.65142023903701e+22 3.34814658684897e+16 8.63167817314088e+16 
1.14376162602246e-07 3.77000000000000e+02 4.65139724751481e+22 1.33924754731560e+17 3.45260648173998e+17 
2.00158284575377e-07 3.77000000000000e+02 4.65137425642742e+22 2.34366934754573e+17 6.04198035931837e+17 
2.85940406548507e-07 3.77000000000000e+02 4.65135126578307e+22 3.34807984900769e+17 8.63128822570793e+17 
1.14376162627981e-06 3.77000000000000e+02 4.65112139754373e+22 1.33912102732474e+18 3.45186752439853e+18 
2.00158284601111e-06 3.77000000000000e+02 4.65089157278642e+22 2.34332311163042e+18 6.03995850216140e+18 
2.85940406574242e-06 3.77000000000000e+02 4.65066179232709e+22 3.34741209463073e+18 8.62738972262650e+18 
1.14376162630555e-05 3.77000000000000e+02 4.64836634888339e+22 1.33822550139442e+19 3.44665727581679e+19 
2.00158284603685e-05 3.77000000000000e+02 4.64607530508294e+22 2.34058051169349e+19 6.02403485610831e+19 
2.85940406576815e-05 3.77000000000000e+02 4.64378868975026e+22 3.34179379796765e+19 8.59483894891293e+19 
3.71722528549946e-05 3.77000000000000e+02 4.64150651156500e+22 4.34185783827978e+19 1.11590672388273e+20 
1.22954374828125e-04 3.77000000000000e+02 4.61892812451275e+22 1.42775938170518e+20 3.64443693857723e+20 
2.08736496801255e-04 3.77000000000000e+02 4.59679090414566e+22 2.40932952778347e+20 6.10874071983821e+20 
2.94518618774386e-04 3.77000000000000e+02 4.57509227206821e+22 3.37851387971147e+20 8.51009843147309e+20 
3.80300740747516e-04 3.77000000000000e+02 4.55382917066242e+22 4.33495109618578e+20 1.08498442796829e+21 
7.91728425596339e-04 3.77000000000000e+02 4.45777371976175e+22 8.73738807695712e+20 2.12560604982746e+21 
1.20315611044516e-03 3.77000000000000e+02 4.37116898744885e+22 1.28176194075963e+21 3.04165442995760e+21 
1.61458379529398e-03 3.77000000000000e+02 4.29343928903378e+22 1.65659108130542e+21 3.84659011716766e+21 
2.02601148014281e-03 3.77000000000000e+02 4.22393350222990e+22 1.99851050996076e+21 4.55286699593469e+21 
2.43743916499163e-03 3.77000000000000e+02 4.16196833509813e+22 2.30867658608997e+21 5.17183818631178e+21 
3.21679613495396e-03 3.77000000000000e+02 4.06285314980338e+22 2.81584220559315e+21 6.13981065320054e+21 
3.99615310491630e-03 3.77000000000000e+02 3.98401090809787e+22 3.22904771671086e+21 6.89024446507549e+21 
4.77551007487864e-03 3.77000000000000e+02 3.92157376461086e+22 3.56285084410412e+21 7.47138108002925e+21 
5.55486704484097e-03 3.77000000000000e+02 3.87226760727777e+22 3.83120316433372e+21 7.92079958623222e+21 
6.33422401480331e-03 3.77000000000000e+02 3.83339953742738e+22 4.04635862198796e+21 8.26785006793185e+21 
7.49336922823061e-03 3.77000000000000e+02 3.79044196466662e+22 4.28913612412930e+21 8.64144651886522e+21 
8.65251444165791e-03 3.77000000000000e+02 3.76029102604538e+22 4.46353364378647e+21 8.89567025197703e+21 
9.81165965508522e-03 3.77000000000000e+02 3.73904391271704e+22 4.58919819391275e+21 9.06928341829285e+21 
1.09708048685125e-02 3.77000000000000e+02 3.72406116314253e+22 4.67989823375801e+21 9.18753833009392e+21 
1.21299500819398e-02 3.77000000000000e+02 3.71350081029751e+22 4.74545829270911e+21 9.26762526909289e+21 
1.39129254475554e-02 3.77000000000000e+02 3.70305355026137e+22 4.81259429950118e+21 9.34229845623359e+21 
1.56959008131709e-02 3.77000000000000e+02 3.69674261236091e+22 4.85473456280503e+21 9.38423668763829e+21 
1.74788761787864e-02 3.77000000000000e+02 3.69282348727072e+22 4.88181694384520e+21 9.40845442736547e+21 
1.92618515444019e-02 3.77000000000000e+02 3.69043368831562e+22 4.89903045449949e+21 9.42182338516162e+21 
2.10448269100175e-02 3.77000000000000e+02 3.68903170517139e+22 4.90972033460228e+21 9.42848328784183e+21 
2.44278547563258e-02 3.77000000000000e+02 3.68774947540931e+22 4.92033996610093e+21 9.43288862008952e+21 
2.78108826026342e-02 3.77000000000000e+02 3.68730185325962e+22 4.92457726323965e+21 9.43336646880513e+21 
3.11939104489426e-02 3.77000000000000e+02 3.68692440391918e+22 4.92761137752871e+21 9.43484722703708e+21 
3.45769382952509e-02 3.77000000000000e+02 3.68658089522429e+22 4.93013529544068e+21 9.43666956511523e+21 
3.79599661415593e-02 3.77000000000000e+02 3.68647890596289e+22 4.93108937238499e+21 9.43680119645842e+21 
4.58494202094680e-02 3.77000000000000e+02 3.68653907960896e+22 4.93097448327200e+21 9.43582750176655e+21 
5.37388742773767e-02 3.77000000000000e+02 3.68665019527858e+22 4.93025117749536e+21 9.43505179989948e+21 
6.16283283452854e-02 3.77000000000000e+02 3.68668213416403e+22 4.92998716902875e+21 9.43494103910340e+21 
6.95177824131941e-02 3.77000000000000e+02 3.68667811796241e+22 4.92998835489733e+21 9.43501899139323e+21 
1.16140512132572e-01 3.77000000000000e+02 3.68667162676122e+22 4.93003438925931e+21 9.43505674668813e+21 
1.62763241851951e-01 3.77000000000000e+02 3.68667108116695e+22 4.93004083885677e+21 9.43505475938002e+21 
2.09385971571329e-01 3.77000000000000e+02 3.68667109039631e+22 4.93004103352415e+21 9.43505418545846e+21 
6.75613268765113e-01 3.77000000000000e+02 3.68667110068600e+22 4.93004094396663e+21 9.43505415878046e+21 
1.14184056595890e+00 3.77000000000000e+02 3.68667110108266e+22 4.93004093675074e+21 9.43505416527912e+21 
1.60806786315268e+00 3.77000000000000e+02 3.68667110107356e+22 4.93004093679933e+21 9.43505416536401e+21 
6.27034083509051e+00 3.77000000000000e+02 3.68667110107225e+22 4.93004093681662e+21 9.43505416535765e+21 
1.09326138070283e+01 3.77000000000000e+02 3.68667110107239e+22 4.93004093681659e+21 9.43505416535779e+21 
1.55948867789662e+01 3.77000000000000e+02 3.68667110107235e+22 4.93004093681658e+21 9.43505416535771e+21 
2.95817056947797e+01 3.77000000000000e+02 3.68667110107219e+22 4.93004093681658e+21 9.43505416535739e+21 
4.35685246105932e+01 3.77000000000000e+02 3.68667110107212e+22 4.93004093681658e+21 9.43505416535726e+21 
5.75553435264067e+01 3.77000000000000e+02 3.68667110107202e+22 4.93004093681658e+21 9.43505416535708e+21 
8.75553435264067e+01 3.77000000000000e+02 3.68667110107197e+22 4.93004093681657e+21 9.43505416535698e+21 
1.17555343526407e+02 3.77000000000000e+02 3.68667110107229e+22 4.93004093681658e+21 9.43505416535760e+21 
1.47555343526407e+02 3.77000000000000e+02 3.68667110107269e+22 4.93004093681660e+21 9.43505416535838e+21 
2.47555343526407e+02 3.77000000000000e+02 3.68667110107296e+22 4.93004093681660e+21 9.43505416535891e+21 
3.47555343526407e+02 3.77000000000000e+02 3.68667110107378e+22 4.93004093681662e+21 9.43505416536050e+21 
4.47555343526407e+02 3.77000000000000e+02 3.68667110107635e+22 4.93004093681669e+21 9.43505416536551e+21 
5.47555343526407e+02 3.77000000000000e+02 3.68667110107418e+22 4.93004093681663e+21 9.43505416536128e+21 
6.47555343526407e+02 3.77000000000000e+02 3.68667110107242e+22 4.93004093681659e+21 9.43505416535785e+21 
7.47555343526407e+02 3.77000000000000e+02 3.68667110107022e+22 4.93004093681653e+21 9.43505416535355e+21 
8.47555343526407e+02 3.77000000000000e+02 3.68667110107000e+22 4.93004093681652e+21 9.43505416535313e+21 
9.47555343526407e+02 3.77000000000000e+02 3.68667110106900e+22 4.93004093681650e+21 9.43505416535118e+21 
9.52275362609030e+02 3.77000000000000e+02 3.68667110106897e+22 4.93004093681650e+21 9.43505416535113e+21 
9.56995381691653e+02 3.77000000000000e+02 3.68667110106896e+22 4.93004093681650e+21 9.43505416535109e+21 
9.61715400774277e+02 3.77000000000000e+02 3.68667110106892e+22 4.93004093681649e+21 9.43505416535102e+21 
1.00000000000000e+03 3.77000000000000e+02 3.68667110106959e+22 4.93004093681651e+21 9.43505416535232e+21 
