Time(s)              GasTemp(K)           [O2(X)](m^-3)        [O2(a)](m^-3)        [O(3P)](m^-3)       
0.00000000000000e+00 3.77000000000000e+02 2.45761234570138e+23 0.00000000000000e+00 0.00000000000000e+00 
4.79916336085494e-17 3.77000000000000e+02 2.45761234570138e+23 2.18987932286173e+08 6.03875648866042e+08 
9.59832672170988e-17 3.77000000000000e+02 2.45761234570137e+23 4.37975864572344e+08 1.20775129773207e+09 
1.43974900825648e-16 3.77000000000000e+02 2.45761234570137e+23 6.56963796858513e+08 1.81162694659809e+09 
6.23891236911142e-16 3.77000000000000e+02 2.45761234570132e+23 2.84684311971999e+09 7.85038343525721e+09 
1.10380757299664e-15 3.77000000000000e+02 2.45761234570126e+23 5.03672244258124e+09 1.38891399239151e+10 
1.58372390908213e-15 3.77000000000000e+02 2.45761234570121e+23 7.22660176544226e+09 1.99278964125718e+10 
6.38288726993707e-15 3.77000000000000e+02 2.45761234570069e+23 2.91253949940319e+10 8.03154612990328e+10 
1.11820506307920e-14 3.77000000000000e+02 2.45761234570017e+23 5.10241882225983e+10 1.40703026185373e+11 
1.59812139916469e-14 3.77000000000000e+02 2.45761234569965e+23 7.29229814511409e+10 2.01090591071591e+11 
6.39728476001963e-14 3.77000000000000e+02 2.45761234569444e+23 2.91910913734520e+11 8.04966239923186e+11 
1.11964481208746e-13 3.77000000000000e+02 2.45761234568923e+23 5.10898846015570e+11 1.40884188876274e+12 
1.59956114817295e-13 3.77000000000000e+02 2.45761234568402e+23 7.29886778294247e+11 2.01271753759001e+12 
6.39872450902789e-13 3.77000000000000e+02 2.45761234563193e+23 2.91976610087634e+12 8.05147402480441e+12 
1.11978878698828e-12 3.77000000000000e+02 2.45761234557984e+23 5.10964542322550e+12 1.40902305108144e+13 
1.59970512307378e-12 3.77000000000000e+02 2.45761234552774e+23 7.29952474533733e+12 2.01289869955971e+13 
6.39886848392871e-12 3.77000000000000e+02 2.45761234500682e+23 2.91983179459878e+13 8.05165517375865e+13 
1.11980318447837e-11 3.77000000000000e+02 2.45761234448589e+23 5.10971111233455e+13 1.40904116359131e+14 
1.59971952056386e-11 3.77000000000000e+02 2.45761234396497e+23 7.29959042769695e+13 2.01291680857950e+14 
6.39888288141880e-11 3.77000000000000e+02 2.45761233875571e+23 2.91983833766426e+14 8.05167315262386e+14 
1.11980462422737e-10 3.77000000000000e+02 2.45761233354645e+23 5.10971760926610e+14 1.40904293762234e+15 
1.59972096031287e-10 3.77000000000000e+02 2.45761232833719e+23 7.29959685713421e+14 2.01291854770977e+15 
6.39888432116781e-10 3.77000000000000e+02 2.45761227624463e+23 2.91983872890268e+15 8.05167359020827e+15 
1.11980476820227e-09 3.77000000000000e+02 2.45761222415207e+23 5.10971753916364e+15 1.40904274282589e+16 
1.59972110428777e-09 3.77000000000000e+02 2.45761217205952e+23 7.29959611208538e+15 2.01291800390571e+16 
6.39888446514271e-09 3.77000000000000e+02 2.45761165113477e+23 2.91983613729360e+16 8.05166003095133e+16 
1.11980478259976e-08 3.77000000000000e+02 2.45761113021085e+23 5.10971033397991e+16 1.40903900135029e+17 
1.59972111868526e-08 3.77000000000000e+02 2.45761060928778e+23 7.29958215709118e+16 2.01291077235300e+17 
6.39888447954020e-08 3.77000000000000e+02 2.45760540013050e+23 2.91980956563231e+17 8.05152264542961e+17 
1.11980478403951e-07 3.77000000000000e+02 2.45760019105674e+23 5.10963761001942e+17 1.40900140722343e+18 
1.59972112012501e-07 3.77000000000000e+02 2.45759498206810e+23 7.29944190036758e+17 2.01283827737656e+18 
6.39888448097995e-07 3.77000000000000e+02 2.45754289952538e+23 2.91954326656965e+18 8.05014866685502e+18 
1.11980478418349e-06 3.77000000000000e+02 2.45749082534775e+23 5.10890813339640e+18 1.40862544606086e+19 
1.59972112026898e-06 3.77000000000000e+02 2.45743875970006e+23 7.29803363264358e+18 2.01211329993422e+19 
6.39888448112392e-06 3.77000000000000e+02 2.45691856064436e+23 2.91762656693269e+19 8.04044800670106e+19 
1.11980478419789e-05 3.77000000000000e+02 2.45639921777191e+23 5.10298636387536e+19 1.40565858617007e+20 
1.59972112028338e-05 3.77000000000000e+02 2.45588074429403e+23 7.28579393746912e+19 2.00604402720857e+20 
2.07963745636887e-05 3.77000000000000e+02 2.45536314988160e+23 9.46596813077340e+19 2.60519801341357e+20 
5.63035180894806e-05 3.77000000000000e+02 2.45156214883791e+23 2.55029281371553e+20 6.99980809952669e+20 
9.18106616152725e-05 3.77000000000000e+02 2.44781274195718e+23 4.13612412227583e+20 1.13269592438597e+21 
1.27317805141064e-04 3.77000000000000e+02 2.44411757180871e+23 5.70144124122863e+20 1.55866653028916e+21 
1.62824948666856e-04 3.77000000000000e+02 2.44047922438227e+23 7.24363062150914e+20 1.97789813952177e+21 
3.33142412660143e-04 3.77000000000000e+02 2.42387964365626e+23 1.42541846150240e+21 3.89570348602086e+21 
5.03459876653430e-04 3.77000000000000e+02 2.40883147313986e+23 2.04746453066933e+21 5.66124545096580e+21 
6.73777340646717e-04 3.77000000000000e+02 2.39544419054869e+23 2.57756700427556e+21 7.27849702198854e+21 
8.44094804640004e-04 3.77000000000000e+02 2.38373302446926e+23 3.01143620230754e+21 8.75299184181028e+21 
1.01441226863329e-03 3.77000000000000e+02 2.37363770509522e+23 3.35173264942490e+21 1.00914628223826e+22 
1.27135309025847e-03 3.77000000000000e+02 2.36114970003244e+23 3.70932493970055e+21 1.18738792543878e+22 
1.46260187660434e-03 3.77000000000000e+02 2.35379598851678e+23 3.86844243755009e+21 1.30263865618208e+22 
1.65385066295021e-03 3.77000000000000e+02 2.34783215606132e+23 3.95568955370440e+21 1.40446588206037e+22 
1.84509944929609e-03 3.77000000000000e+02 2.34303681340347e+23 3.98714297747446e+21 1.49408205046331e+22 
2.03634823564196e-03 3.77000000000000e+02 2.33920565739780e+23 3.97732269961476e+21 1.57266922614867e+22 
2.34434652317953e-03 3.77000000000000e+02 2.33463600770769e+23 3.90393875936104e+21 1.67873900800157e+22 
2.65234481071711e-03 3.77000000000000e+02 2.33149064826001e+23 3.79499387191505e+21 1.76343517444437e+22 
2.96034309825468e-03 3.77000000000000e+02 2.32930132853747e+23 3.67731711501451e+21 1.83075692027543e+22 
3.26834138579225e-03 3.77000000000000e+02 2.32775610232466e+23 3.56521525802486e+21 1.88408181592949e+22 
3.57633967332983e-03 3.77000000000000e+02 2.32665317255069e+23 3.46498526120497e+21 1.92618641077289e+22 
3.94997358047234e-03 3.77000000000000e+02 2.32572015741089e+23 3.36231396345661e+21 1.96538097311848e+22 
4.32360748761485e-03 3.77000000000000e+02 2.32507514078550e+23 3.28065078047894e+21 1.99461394222190e+22 
4.69724139475736e-03 3.77000000000000e+02 2.32461909968134e+23 3.21740881930732e+21 2.01638315653934e+22 
5.07087530189987e-03 3.77000000000000e+02 2.32429318879899e+23 3.16907914591333e+21 2.03256730886528e+22 
5.44450920904239e-03 3.77000000000000e+02 2.32405875291216e+23 3.13246354172369e+21 2.04457914743979e+22 
6.24770333810227e-03 3.77000000000000e+02 2.32374704189500e+23 3.08289475730185e+21 2.06072712466720e+22 
7.05089746716216e-03 3.77000000000000e+02 2.32355709180070e+23 3.05754550993979e+21 2.06959597602567e+22 
7.85409159622205e-03 3.77000000000000e+02 2.32343588985287e+23 3.04406386415708e+21 2.07471634413876e+22 
8.65728572528193e-03 3.77000000000000e+02 2.32338761199065e+23 3.03540557539908e+21 2.07741355913476e+22 
9.46047985434182e-03 3.77000000000000e+02 2.32339165349132e+23 3.02992747720527e+21 2.07842834876014e+22 
1.08380254368464e-02 3.77000000000000e+02 2.32339627690564e+23 3.02679648559017e+21 2.07896207879687e+22 
1.22155710193509e-02 3.77000000000000e+02 2.32339846442967e+23 3.02685364553708e+21 2.07890689632671e+22 
1.35931166018555e-02 3.77000000000000e+02 2.32339785538918e+23 3.02728503193853e+21 2.07883279985617e+22 
1.49706621843600e-02 3.77000000000000e+02 2.32339708873596e+23 3.02743237589837e+21 2.07881866412860e+22 
2.11351949653620e-02 3.77000000000000e+02 2.32339668946638e+23 3.02737632252953e+21 2.07883786019397e+22 
2.72997277463640e-02 3.77000000000000e+02 2.32339665312909e+23 3.02734959753913e+21 2.07884393193793e+22 
3.34642605273660e-02 3.77000000000000e+02 2.32339665009824e+23 3.02734610717397e+21 2.07884469062786e+22 
9.51095883373861e-02 3.77000000000000e+02 2.32339665067172e+23 3.02734613790861e+21 2.07884467301143e+22 
1.56754916147406e-01 3.77000000000000e+02 2.32339665097792e+23 3.02734624571157e+21 2.07884464532691e+22 
2.18400243957426e-01 3.77000000000000e+02 2.32339665098820e+23 3.02734624809269e+21 2.07884464464504e+22 
8.34853522057627e-01 3.77000000000000e+02 2.32339665098632e+23 3.02734624783779e+21 2.07884464473351e+22 
1.45130680015783e+00 3.77000000000000e+02 2.32339665098628e+23 3.02734624782898e+21 2.07884464473629e+22 
2.06776007825803e+00 3.77000000000000e+02 2.32339665098628e+23 3.02734624782894e+21 2.07884464473625e+22 
8.23229285926003e+00 3.77000000000000e+02 2.32339665098625e+23 3.02734624782895e+21 2.07884464473624e+22 
1.43968256402620e+01 3.77000000000000e+02 2.32339665098629e+23 3.02734624782894e+21 2.07884464473626e+22 
2.05613584212640e+01 3.77000000000000e+02 2.32339665098636e+23 3.02734624782892e+21 2.07884464473629e+22 
8.22066862312841e+01 3.77000000000000e+02 2.32339665098584e+23 3.02734624782908e+21 2.07884464473604e+22 
1.43852014041304e+02 3.77000000000000e+02 2.32339665098575e+23 3.02734624782912e+21 2.07884464473599e+22 
2.05497341851324e+02 3.77000000000000e+02 2.32339665098649e+23 3.02734624782887e+21 2.07884464473635e+22 
3.05497341851324e+02 3.77000000000000e+02 2.32339665098538e+23 3.02734624782924e+21 2.07884464473581e+22 
4.05497341851324e+02 3.77000000000000e+02 2.32339665098502e+23 3.02734624782935e+21 2.07884464473564e+22 
5.05497341851324e+02 3.77000000000000e+02 2.32339665098361e+23 3.02734624782981e+21 2.07884464473495e+22 
6.05497341851324e+02 3.77000000000000e+02 2.32339665098347e+23 3.02734624782986e+21 2.07884464473489e+22 
7.05497341851324e+02 3.77000000000000e+02 2.32339665098230e+23 3.02734624783024e+21 2.07884464473432e+22 
8.05497341851324e+02 3.77000000000000e+02 2.32339665098076e+23 3.02734624783074e+21 2.07884464473357e+22 
9.05497341851324e+02 3.77000000000000e+02 2.32339665098077e+23 3.02734624783074e+21 2.07884464473357e+22 
1.00000000000000e+03 3.77000000000000e+02 2.32339665098099e+23 3.02734624783067e+21 2.07884464473368e+22 
