Time(s)              GasTemp(K)           [O2(X)](m^-3)        [O2(a)](m^-3)        [O(3P)](m^-3)       
0.00000000000000e+00 3.77000000000000e+02 1.21638752273028e+23 0.00000000000000e+00 0.00000000000000e+00 
6.42697294708127e-17 3.77000000000000e+02 1.21638752273027e+23 1.21671708149816e+08 4.49466811929204e+08 
1.28539458941625e-16 3.77000000000000e+02 1.21638752273027e+23 2.43343416299632e+08 8.98933623858396e+08 
1.92809188412438e-16 3.77000000000000e+02 1.21638752273027e+23 3.65015124449446e+08 1.34840043578757e+09 
8.35506483120565e-16 3.77000000000000e+02 1.21638752273023e+23 1.58173220594747e+09 5.84306855507815e+09 
1.47820377782869e-15 3.77000000000000e+02 1.21638752273020e+23 2.79844928744538e+09 1.03377366743674e+10 
2.12090107253682e-15 3.77000000000000e+02 1.21638752273016e+23 4.01516636894315e+09 1.48324047936552e+10 
8.54787401961809e-15 3.77000000000000e+02 1.21638752272982e+23 1.61823371839098e+10 5.97790859864146e+10 
1.49748469666994e-14 3.77000000000000e+02 1.21638752272947e+23 2.83495079988639e+10 1.04725767179038e+11 
2.14018199137806e-14 3.77000000000000e+02 1.21638752272912e+23 4.05166788138051e+10 1.49672448371524e+11 
8.56715493845933e-14 3.77000000000000e+02 1.21638752272566e+23 1.62188386962110e+11 5.99139260284473e+11 
1.49941278855406e-13 3.77000000000000e+02 1.21638752272220e+23 2.83860095109155e+11 1.04860607218387e+12 
2.14211008326219e-13 3.77000000000000e+02 1.21638752271873e+23 4.05531803254916e+11 1.49807288406946e+12 
8.56908303034346e-13 3.77000000000000e+02 1.21638752268409e+23 1.62224888460180e+12 5.99274100173445e+12 
1.49960559774247e-12 3.77000000000000e+02 1.21638752264945e+23 2.83896596582267e+12 1.04874091180442e+13 
2.14230289245060e-12 3.77000000000000e+02 1.21638752261481e+23 4.05568304691514e+12 1.49820772329731e+13 
8.56927583953187e-12 3.77000000000000e+02 1.21638752226841e+23 1.62228538467671e+13 5.99287582631737e+13 
1.49962487866131e-11 3.77000000000000e+02 1.21638752192200e+23 2.83900246340179e+13 1.04875439157851e+14 
2.14232217336944e-11 3.77000000000000e+02 1.21638752157560e+23 4.05571954084291e+13 1.49822119914438e+14 
8.56929512045071e-11 3.77000000000000e+02 1.21638751811154e+23 1.62228902045258e+14 5.99288915571519e+14 
1.49962680675320e-10 3.77000000000000e+02 1.21638751464749e+23 2.83900607421982e+14 1.04875569767622e+15 
2.14232410146133e-10 3.77000000000000e+02 1.21638751118344e+23 4.05572311514743e+14 1.49822246597193e+15 
8.56929704854260e-10 3.77000000000000e+02 1.21638747654294e+23 1.62228924171401e+15 5.99288895805047e+15 
1.49962699956239e-09 3.77000000000000e+02 1.21638744190245e+23 2.83900604590270e+15 1.04875540948908e+16 
2.14232429427051e-09 3.77000000000000e+02 1.21638740726196e+23 4.05572272169494e+15 1.49822178508340e+16 
8.56929724135179e-09 3.77000000000000e+02 1.21638706085781e+23 1.62228784067604e+16 5.99287363226873e+16 
1.49962701884331e-08 3.77000000000000e+02 1.21638671445447e+23 2.83900214906992e+16 1.04875119270946e+17 
2.14232431355143e-08 3.77000000000000e+02 1.21638636805194e+23 4.05571517348913e+16 1.49821364130201e+17 
8.56929726063270e-08 3.77000000000000e+02 1.21638290409729e+23 1.62227346867706e+17 5.99271904251001e+17 
1.49962702077140e-07 3.77000000000000e+02 1.21637944022300e+23 2.83896281819504e+17 1.04870889223824e+18 
2.14232431547952e-07 3.77000000000000e+02 1.21637597643059e+23 4.05563932694847e+17 1.49813207203693e+18 
8.56929726256079e-07 3.77000000000000e+02 1.21634134556686e+23 1.62212968714110e+18 5.99117330899706e+18 
1.49962702096421e-06 3.77000000000000e+02 1.21630672273893e+23 2.83856935518302e+18 1.04828595585099e+19 
2.14232431567233e-06 3.77000000000000e+02 1.21627210809663e+23 4.05488051394568e+18 1.49731657013636e+19 
8.56929726275360e-06 3.77000000000000e+02 1.21592639778758e+23 1.62111254235237e+19 5.98027376932202e+19 
1.49962702098349e-05 3.77000000000000e+02 1.21558149985878e+23 2.83545520539991e+19 1.04495470191360e+20 
2.14232431569161e-05 3.77000000000000e+02 1.21523741911103e+23 4.04850300484114e+19 1.49050663753420e+20 
2.78502161039974e-05 3.77000000000000e+02 1.21489415659529e+23 5.26024854238345e+19 1.93468256150943e+20 
9.21199455748101e-05 3.77000000000000e+02 1.21150621601406e+23 1.73045548354010e+20 6.30170246536248e+20 
1.56389675045623e-04 3.77000000000000e+02 1.20819899362900e+23 2.92140644635376e+20 1.05342453098555e+21 
2.20659404516436e-04 3.77000000000000e+02 1.20497149190519e+23 4.09853933607442e+20 1.46349829780374e+21 
2.84929133987248e-04 3.77000000000000e+02 1.20182260564792e+23 5.26153710033620e+20 1.86067599640354e+21 
5.48547514146708e-04 3.77000000000000e+02 1.18970297642661e+23 9.87937328351845e+20 3.36103460403068e+21 
8.12165894306168e-04 3.77000000000000e+02 1.17879688178086e+23 1.42427571129071e+21 4.66957676730137e+21 
1.07578427446563e-03 3.77000000000000e+02 1.16900920377417e+23 1.83460453844341e+21 5.80645471433440e+21 
1.33940265462509e-03 3.77000000000000e+02 1.16024165018553e+23 2.21904497388521e+21 6.79108456117884e+21 
1.60302103478455e-03 3.77000000000000e+02 1.15239700499338e+23 2.57821526171099e+21 7.64167302395824e+21 
2.19384765016619e-03 3.77000000000000e+02 1.13770519714346e+23 3.29710741714973e+21 9.14225028306355e+21 
2.78467426554784e-03 3.77000000000000e+02 1.12625910663833e+23 3.90758497198792e+21 1.02105132744134e+22 
3.37550088092949e-03 3.77000000000000e+02 1.11729492327504e+23 4.42438653161063e+21 1.09697468278262e+22 
3.96632749631114e-03 3.77000000000000e+02 1.11022486750349e+23 4.86191171369583e+21 1.15087076179664e+22 
4.55715411169279e-03 3.77000000000000e+02 1.10460491162679e+23 5.23292438639761e+21 1.18906734479023e+22 
5.28281062367545e-03 3.77000000000000e+02 1.09920399816351e+23 5.61324521950763e+21 1.22102144743377e+22 
6.00846713565812e-03 3.77000000000000e+02 1.09502132081613e+23 5.92595037803059e+21 1.24213396267680e+22 
6.73412364764079e-03 3.77000000000000e+02 1.09173633543090e+23 6.18402298664426e+21 1.25621914865872e+22 
7.45978015962346e-03 3.77000000000000e+02 1.08912883771349e+23 6.39763964115794e+21 1.26564577210419e+22 
8.18543667160613e-03 3.77000000000000e+02 1.08703965126688e+23 6.57492823370353e+21 1.27197178252728e+22 
9.39178019405666e-03 3.77000000000000e+02 1.08441068500356e+23 6.80599724099480e+21 1.27833730633539e+22 
1.05981237165072e-02 3.77000000000000e+02 1.08250161780112e+23 6.97769816934637e+21 1.28217846471397e+22 
1.18044672389577e-02 3.77000000000000e+02 1.08109660964500e+23 7.10587676341407e+21 1.28464290902283e+22 
1.30108107614083e-02 3.77000000000000e+02 1.08007443555199e+23 7.20128451041324e+21 1.28600484148316e+22 
1.42171542838588e-02 3.77000000000000e+02 1.07933737189775e+23 7.27210134312126e+21 1.28658274802624e+22 
1.65407336727302e-02 3.77000000000000e+02 1.07844228527866e+23 7.36068734031466e+21 1.28676728096952e+22 
1.88643130616016e-02 3.77000000000000e+02 1.07789673359521e+23 7.41310439382824e+21 1.28719490393573e+22 
2.11878924504730e-02 3.77000000000000e+02 1.07756007706191e+23 7.44390757993955e+21 1.28776739737937e+22 
2.35114718393445e-02 3.77000000000000e+02 1.07737202214182e+23 7.46115085721243e+21 1.28807984032747e+22 
2.58350512282159e-02 3.77000000000000e+02 1.07727534799637e+23 7.47053160045093e+21 1.28813717458937e+22 
3.04298412808563e-02 3.77000000000000e+02 1.07720786641669e+23 7.47731817491981e+21 1.28812949129014e+22 
3.50246313334968e-02 3.77000000000000e+02 1.07717818252221e+23 7.48020877539133e+21 1.28814504908918e+22 
3.96194213861373e-02 3.77000000000000e+02 1.07715435463882e+23 7.48234645028233e+21 1.28819407178446e+22 
4.42142114387778e-02 3.77000000000000e+02 1.07714319246603e+23 7.48336609072095e+21 1.28821338715631e+22 
4.88090014914182e-02 3.77000000000000e+02 1.07714273571684e+23 7.48344410654859e+21 1.28820691897567e+22 
7.12081132894593e-02 3.77000000000000e+02 1.07714094732870e+23 7.48361840626320e+21 1.28820782680160e+22 
9.36072250875005e-02 3.77000000000000e+02 1.07714629551063e+23 7.48311920932166e+21 1.28820070254061e+22 
1.16006336885542e-01 3.77000000000000e+02 1.07714610239749e+23 7.48313270868005e+21 1.28820186492424e+22 
1.38405448683583e-01 3.77000000000000e+02 1.07714525978957e+23 7.48321173334633e+21 1.28820291214737e+22 
3.62396566663994e-01 3.77000000000000e+02 1.07714516100501e+23 7.48322143223138e+21 1.28820294805829e+22 
5.86387684644405e-01 3.77000000000000e+02 1.07714518643263e+23 7.48321902238741e+21 1.28820292147442e+22 
8.10378802624817e-01 3.77000000000000e+02 1.07714518740856e+23 7.48321892909185e+21 1.28820292061470e+22 
3.05028998242893e+00 3.77000000000000e+02 1.07714518734821e+23 7.48321893479411e+21 1.28820292068126e+22 
5.29020116223304e+00 3.77000000000000e+02 1.07714518734471e+23 7.48321893512889e+21 1.28820292068434e+22 
7.53011234203716e+00 3.77000000000000e+02 1.07714518734471e+23 7.48321893512830e+21 1.28820292068431e+22 
2.99292241400783e+01 3.77000000000000e+02 1.07714518734474e+23 7.48321893512826e+21 1.28820292068433e+22 
5.23283359381194e+01 3.77000000000000e+02 1.07714518734470e+23 7.48321893512816e+21 1.28820292068429e+22 
7.47274477361606e+01 3.77000000000000e+02 1.07714518734475e+23 7.48321893512828e+21 1.28820292068434e+22 
1.74727447736161e+02 3.77000000000000e+02 1.07714518734527e+23 7.48321893512933e+21 1.28820292068477e+22 
2.74727447736161e+02 3.77000000000000e+02 1.07714518734556e+23 7.48321893512994e+21 1.28820292068502e+22 
3.74727447736161e+02 3.77000000000000e+02 1.07714518734539e+23 7.48321893512959e+21 1.28820292068488e+22 
4.74727447736161e+02 3.77000000000000e+02 1.07714518734579e+23 7.48321893513041e+21 1.28820292068522e+22 
5.74727447736161e+02 3.77000000000000e+02 1.07714518734607e+23 7.48321893513098e+21 1.28820292068545e+22 
6.74727447736161e+02 3.77000000000000e+02 1.07714518734595e+23 7.48321893513074e+21 1.28820292068535e+22 
7.74727447736161e+02 3.77000000000000e+02 1.07714518734556e+23 7.48321893512994e+21 1.28820292068502e+22 
8.74727447736161e+02 3.77000000000000e+02 1.07714518734539e+23 7.48321893512959e+21 1.28820292068488e+22 
9.74727447736161e+02 3.77000000000000e+02 1.07714518734579e+23 7.48321893513041e+21 1.28820292068522e+22 
1.00000000000000e+03 3.77000000000000e+02 1.07714518734585e+23 7.48321893513053e+21 1.28820292068526e+22 
