Time(s)              GasTemp(K)           [O2(X)](m^-3)        [O2(a)](m^-3)        [O(3P)](m^-3)       
0.00000000000000e+00 3.77000000000000e+02 1.20945670249847e+23 0.00000000000000e+00 0.00000000000000e+00 
7.55291848472395e-17 3.77000000000000e+02 1.20945670249847e+23 6.35352504241793e+07 4.96516216277838e+08 
1.51058369694479e-16 3.77000000000000e+02 1.20945670249846e+23 1.27070500848358e+08 9.93032432555663e+08 
2.26587554541719e-16 3.77000000000000e+02 1.20945670249846e+23 1.90605751272536e+08 1.48954864883347e+09 
9.81879403014114e-16 3.77000000000000e+02 1.20945670249843e+23 8.25958255514258e+08 6.45471081161039e+09 
1.73717125148651e-15 3.77000000000000e+02 1.20945670249840e+23 1.46131075975592e+09 1.14198729743859e+10 
2.49246309995890e-15 3.77000000000000e+02 1.20945670249837e+23 2.09666326399751e+09 1.63850351371601e+10 
1.00453815846829e-14 3.77000000000000e+02 1.20945670249805e+23 8.45018830640765e+09 6.60366567647823e+10 
1.75983000694068e-14 3.77000000000000e+02 1.20945670249774e+23 1.48037133488112e+10 1.15688278392269e+11 
2.51512185541308e-14 3.77000000000000e+02 1.20945670249743e+23 2.11572383912081e+10 1.65339900019616e+11 
1.00680403401370e-13 3.77000000000000e+02 1.20945670249431e+23 8.46924888146013e+10 6.61856116281145e+11 
1.76209588248610e-13 3.77000000000000e+02 1.20945670249120e+23 1.48227739237339e+11 1.15837233252908e+12 
2.51738773095849e-13 3.77000000000000e+02 1.20945670248808e+23 2.11762989659409e+11 1.65488854876315e+12 
1.00703062156824e-12 3.77000000000000e+02 1.20945670245690e+23 8.47115493822509e+11 6.62005070990907e+12 
1.76232247004064e-12 3.77000000000000e+02 1.20945670242572e+23 1.48246799792006e+12 1.15852128696952e+13 
2.51761431851304e-12 3.77000000000000e+02 1.20945670239454e+23 2.11782050195083e+12 1.65503750280959e+13 
1.00705328032370e-11 3.77000000000000e+02 1.20945670208275e+23 8.47134553649873e+12 6.62019964926183e+13 
1.76234512879609e-11 3.77000000000000e+02 1.20945670177095e+23 1.48248705644919e+13 1.15853617821166e+14 
2.51763697726849e-11 3.77000000000000e+02 1.20945670145916e+23 2.11783955858063e+13 1.65505239011163e+14 
1.00705554619924e-10 3.77000000000000e+02 1.20945669834123e+23 8.47136452229747e+13 6.62021438962704e+14 
1.76234739467164e-10 3.77000000000000e+02 1.20945669522329e+23 1.48248894204674e+14 1.15853762531674e+15 
2.51763924314404e-10 3.77000000000000e+02 1.20945669210536e+23 2.11784142518493e+14 1.65505379781582e+15 
1.00705577278680e-09 3.77000000000000e+02 1.20945666092603e+23 8.47136568059006e+14 6.62021432796314e+15 
1.76234762125919e-09 3.77000000000000e+02 1.20945662974671e+23 1.48248892805233e+15 1.15853734983601e+16 
2.51763946973159e-09 3.77000000000000e+02 1.20945659856740e+23 2.11784122125728e+15 1.65505312832622e+16 
1.00705579544555e-08 3.77000000000000e+02 1.20945628677494e+23 8.47135839343577e+15 6.62019896481315e+16 
1.76234764391795e-08 3.77000000000000e+02 1.20945597498322e+23 1.48248690106471e+16 1.15853312038030e+17 
2.51763949239035e-08 3.77000000000000e+02 1.20945566319226e+23 2.11783729486267e+16 1.65504495878861e+17 
1.00705579771143e-07 3.77000000000000e+02 1.20945254534818e+23 8.47128362382053e+16 6.62004386072286e+17 
1.76234764618383e-07 3.77000000000000e+02 1.20944942757864e+23 1.48246643782343e+17 1.15849067883345e+18 
2.51763949465622e-07 3.77000000000000e+02 1.20944630988505e+23 2.11779783009783e+17 1.65496311710906e+18 
1.00705579793802e-06 3.77000000000000e+02 1.20941513949944e+23 8.47053463195665e+17 6.61849287872190e+18 
1.76234764641041e-06 3.77000000000000e+02 1.20938397657046e+23 1.48226132024431e+18 1.15806629620816e+19 
2.51763949488281e-06 3.77000000000000e+02 1.20935282123885e+23 2.11740195252392e+18 1.65414480187253e+19 
1.00705579796068e-05 3.77000000000000e+02 1.20904167328851e+23 8.46516789236722e+18 6.60755062068662e+19 
1.76234764643307e-05 3.77000000000000e+02 1.20873128126442e+23 1.48060710867404e+19 1.15472104636385e+20 
2.51763949490547e-05 3.77000000000000e+02 1.20842165126015e+23 2.11399095602409e+19 1.64730428543516e+20 
3.27293134337786e-05 3.77000000000000e+02 1.20811278595868e+23 2.74665050943578e+19 2.13850297768386e+20 
9.40492605286428e-05 3.77000000000000e+02 1.20563367704557e+23 7.85303726573254e+19 6.07544345265169e+20 
1.55369207623507e-04 3.77000000000000e+02 1.20320543439409e+23 1.29020846855554e+20 9.92211927164562e+20 
2.16689154718371e-04 3.77000000000000e+02 1.20082834308245e+23 1.78864577251407e+20 1.36794272870061e+21 
2.78009101813235e-04 3.77000000000000e+02 1.19850262021693e+23 2.27990093409138e+20 1.73483626948956e+21 
5.37075159840680e-04 3.77000000000000e+02 1.18924364609623e+23 4.26336783154808e+20 3.18993771413909e+21 
7.96141217868125e-04 3.77000000000000e+02 1.18089575569150e+23 6.07017597156172e+20 4.49815416708238e+21 
1.05520727589557e-03 3.77000000000000e+02 1.17343371117019e+23 7.67649983996015e+20 5.66929829766426e+21 
1.31427333392301e-03 3.77000000000000e+02 1.16681409473174e+23 9.07346594395786e+20 6.71382836455498e+21 
1.57333939195046e-03 3.77000000000000e+02 1.16098094441832e+23 1.02638397807107e+21 7.64238365988710e+21 
1.94608973467108e-03 3.77000000000000e+02 1.15383873702828e+23 1.16388056174220e+21 8.79583197055289e+21 
2.31884007739171e-03 3.77000000000000e+02 1.14799729138661e+23 1.26573394491905e+21 9.76041433253298e+21 
2.69159042011233e-03 3.77000000000000e+02 1.14326199048488e+23 1.33773127630288e+21 1.05634798501125e+22 
3.06434076283296e-03 3.77000000000000e+02 1.13945204382672e+23 1.38583182746114e+21 1.12292680794270e+22 
3.43709110555358e-03 3.77000000000000e+02 1.13640457861130e+23 1.41544920857337e+21 1.17795263602876e+22 
4.13973414357746e-03 3.77000000000000e+02 1.13226527094025e+23 1.43655610229331e+21 1.25651741070577e+22 
4.84237718160133e-03 3.77000000000000e+02 1.12960890836922e+23 1.43143952621069e+21 1.31066797734293e+22 
5.54502021962521e-03 3.77000000000000e+02 1.12791229817070e+23 1.41507947009795e+21 1.34787219253586e+22 
6.24766325764908e-03 3.77000000000000e+02 1.12683309994430e+23 1.39565945953041e+21 1.37334015917737e+22 
6.95030629567296e-03 3.77000000000000e+02 1.12614538108428e+23 1.37741676118798e+21 1.39074307604620e+22 
7.75506429418640e-03 3.77000000000000e+02 1.12567232468255e+23 1.35919418094917e+21 1.40384872012860e+22 
8.55982229269983e-03 3.77000000000000e+02 1.12539609273075e+23 1.34478093632451e+21 1.41225600808942e+22 
9.36458029121327e-03 3.77000000000000e+02 1.12523393643703e+23 1.33395832125643e+21 1.41766365697738e+22 
1.01693382897267e-02 3.77000000000000e+02 1.12514140044045e+23 1.32596998215716e+21 1.42111204472879e+22 
1.09740962882401e-02 3.77000000000000e+02 1.12509178386635e+23 1.32010111674382e+21 1.42327814929336e+22 
1.26556135139563e-02 3.77000000000000e+02 1.12504804473641e+23 1.31297815235500e+21 1.42557752476977e+22 
1.43371307396725e-02 3.77000000000000e+02 1.12503972638361e+23 1.30961561353748e+21 1.42641639958910e+22 
1.60186479653886e-02 3.77000000000000e+02 1.12504110010687e+23 1.30799490837120e+21 1.42671306615702e+22 
1.77001651911048e-02 3.77000000000000e+02 1.12504377247682e+23 1.30723078499513e+21 1.42681244343306e+22 
1.93816824168210e-02 3.77000000000000e+02 1.12504559351795e+23 1.30691225857915e+21 1.42683972789359e+22 
2.28382937016649e-02 3.77000000000000e+02 1.12504725473146e+23 1.30670035271718e+21 1.42684888479562e+22 
2.62949049865089e-02 3.77000000000000e+02 1.12504745846511e+23 1.30673239891800e+21 1.42683840088249e+22 
2.97515162713528e-02 3.77000000000000e+02 1.12504733855623e+23 1.30676150022330e+21 1.42683497879905e+22 
3.32081275561968e-02 3.77000000000000e+02 1.12504727802344e+23 1.30676266918307e+21 1.42683595566292e+22 
6.56122842216315e-02 3.77000000000000e+02 1.12504729732858e+23 1.30675411885189e+21 1.42683727962633e+22 
9.80164408870662e-02 3.77000000000000e+02 1.12504730399410e+23 1.30675346548076e+21 1.42683727699017e+22 
1.30420597552501e-01 3.77000000000000e+02 1.12504730429188e+23 1.30675349842840e+21 1.42683726444503e+22 
4.54462164206848e-01 3.77000000000000e+02 1.12504730424681e+23 1.30675350697098e+21 1.42683726363790e+22 
7.78503730861195e-01 3.77000000000000e+02 1.12504730424440e+23 1.30675350661865e+21 1.42683726375639e+22 
1.10254529751554e+00 3.77000000000000e+02 1.12504730424434e+23 1.30675350661738e+21 1.42683726375800e+22 
4.34296096405901e+00 3.77000000000000e+02 1.12504730424435e+23 1.30675350661712e+21 1.42683726375790e+22 
7.58337663060249e+00 3.77000000000000e+02 1.12504730424435e+23 1.30675350661712e+21 1.42683726375790e+22 
1.08237922971460e+01 3.77000000000000e+02 1.12504730424433e+23 1.30675350661712e+21 1.42683726375788e+22 
4.32279489625807e+01 3.77000000000000e+02 1.12504730424407e+23 1.30675350661719e+21 1.42683726375767e+22 
7.56321056280154e+01 3.77000000000000e+02 1.12504730424394e+23 1.30675350661723e+21 1.42683726375756e+22 
1.08036262293450e+02 3.77000000000000e+02 1.12504730424368e+23 1.30675350661730e+21 1.42683726375736e+22 
2.08036262293450e+02 3.77000000000000e+02 1.12504730424372e+23 1.30675350661728e+21 1.42683726375739e+22 
3.08036262293450e+02 3.77000000000000e+02 1.12504730424411e+23 1.30675350661718e+21 1.42683726375771e+22 
4.08036262293450e+02 3.77000000000000e+02 1.12504730424412e+23 1.30675350661718e+21 1.42683726375772e+22 
5.08036262293450e+02 3.77000000000000e+02 1.12504730424393e+23 1.30675350661723e+21 1.42683726375756e+22 
6.08036262293450e+02 3.77000000000000e+02 1.12504730424409e+23 1.30675350661719e+21 1.42683726375769e+22 
7.08036262293450e+02 3.77000000000000e+02 1.12504730424435e+23 1.30675350661712e+21 1.42683726375790e+22 
8.08036262293450e+02 3.77000000000000e+02 1.12504730424404e+23 1.30675350661720e+21 1.42683726375765e+22 
9.08036262293450e+02 3.77000000000000e+02 1.12504730424396e+23 1.30675350661722e+21 1.42683726375758e+22 
1.00000000000000e+03 3.77000000000000e+02 1.12504730424402e+23 1.30675350661721e+21 1.42683726375763e+22 
