Time(s)              GasTemp(K)           [O2(X)](m^-3)        [O2(a)](m^-3)        [O(3P)](m^-3)       
0.00000000000000e+00 3.77000000000000e+02 1.22761158202366e+23 0.00000000000000e+00 0.00000000000000e+00 
8.09113180420002e-17 3.77000000000000e+02 1.22761158202366e+23 1.65455266865390e+08 4.19047949444717e+08 
1.61822636084000e-16 3.77000000000000e+02 1.22761158202365e+23 3.30910533730777e+08 8.38095898889421e+08 
2.42733954126001e-16 3.77000000000000e+02 1.22761158202365e+23 4.96365800596161e+08 1.25714384833411e+09 
1.05184713454600e-15 3.77000000000000e+02 1.22761158202361e+23 2.15091846924978e+09 5.44762334277976e+09 
1.86096031496601e-15 3.77000000000000e+02 1.22761158202358e+23 3.80547113790315e+09 9.63810283722400e+09 
2.67007349538601e-15 3.77000000000000e+02 1.22761158202354e+23 5.46002380655626e+09 1.38285823316668e+10 
1.07612052995860e-14 3.77000000000000e+02 1.22761158202316e+23 2.20055504930650e+10 5.57333772759708e+10 
1.88523371037861e-14 3.77000000000000e+02 1.22761158202279e+23 3.85510771795484e+10 9.76381722201337e+10 
2.69434689079861e-14 3.77000000000000e+02 1.22761158202241e+23 5.50966038660060e+10 1.39542967164153e+11 
1.07854786949986e-13 3.77000000000000e+02 1.22761158201866e+23 2.20551870728350e+11 5.58590916591943e+11 
1.88766104991987e-13 3.77000000000000e+02 1.22761158201491e+23 3.86007137588156e+11 9.77638866005622e+11 
2.69677423033987e-13 3.77000000000000e+02 1.22761158201116e+23 5.51462404445374e+11 1.39668681540492e+12 
1.07879060345399e-12 3.77000000000000e+02 1.22761158197367e+23 2.20601507279447e+12 5.58716630815787e+12 
1.88790378387399e-12 3.77000000000000e+02 1.22761158193617e+23 3.86056774088967e+12 9.77764579949963e+12 
2.69701696429399e-12 3.77000000000000e+02 1.22761158189867e+23 5.51512040872619e+12 1.39681252894035e+13 
1.07881487684940e-11 3.77000000000000e+02 1.22761158152369e+23 2.20606470647821e+13 5.58729200644377e+13 
1.88792805726940e-11 3.77000000000000e+02 1.22761158114871e+23 3.86061736954496e+13 9.77777146983531e+13 
2.69704123768941e-11 3.77000000000000e+02 1.22761158077373e+23 5.51517003002480e+13 1.39682509188478e+14 
1.07881730418894e-10 3.77000000000000e+02 1.22761157702394e+23 2.20606964117301e+14 5.58730441689292e+14 
1.88793048460894e-10 3.77000000000000e+02 1.22761157327415e+23 3.86062225395518e+14 9.77778360078226e+14 
2.69704366502895e-10 3.77000000000000e+02 1.22761156952436e+23 5.51517484086831e+14 1.39682626408809e+15 
1.07881754692290e-09 3.77000000000000e+02 1.22761153202644e+23 2.20606984790661e+15 5.58730406414386e+15 
1.88793072734290e-09 3.77000000000000e+02 1.22761149452854e+23 3.86062195784253e+15 9.77778045301176e+15 
2.69704390776290e-09 3.77000000000000e+02 1.22761145703065e+23 5.51517380908748e+15 1.39682554039736e+16 
1.07881757119629e-08 3.77000000000000e+02 1.22761108205256e+23 2.20606700120715e+16 5.58728809096612e+16 
1.88793075161629e-08 3.77000000000000e+02 1.22761070707543e+23 3.86061408263238e+16 9.77773652968397e+16 
2.69704393203630e-08 3.77000000000000e+02 1.22761033209927e+23 5.51515857709523e+16 1.39681705894301e+17 
1.07881757362363e-07 3.77000000000000e+02 1.22760658242206e+23 2.20603804140118e+17 5.58712711831879e+17 
1.88793075404363e-07 3.77000000000000e+02 1.22760283284080e+23 3.86053483290303e+17 9.77729606196909e+17 
2.69704393446364e-07 3.77000000000000e+02 1.22759908335730e+23 5.51500574952214e+17 1.39673212247594e+18 
1.07881757386637e-06 3.77000000000000e+02 1.22756159695294e+23 2.20574825339141e+18 5.58551763768908e+18 
1.88793075428637e-06 3.77000000000000e+02 1.22752412014565e+23 3.85974166437419e+18 9.77289227400923e+18 
2.69704393470637e-06 3.77000000000000e+02 1.22748665311571e+23 5.51347580147868e+18 1.39588299877505e+19 
1.07881757389064e-05 3.77000000000000e+02 1.22711250428962e+23 2.20369178373701e+19 5.57417111329245e+19 
1.88793075431064e-05 3.77000000000000e+02 1.22673932762554e+23 3.85343501954212e+19 9.73821792344102e+19 
2.69704393473064e-05 3.77000000000000e+02 1.22636713038999e+23 5.50053845463124e+19 1.38879557642351e+20 
3.50615711515065e-05 3.77000000000000e+02 1.22599591542972e+23 7.14497414954228e+19 1.80233835798097e+20 
1.12830578029525e-04 3.77000000000000e+02 1.22247818020207e+23 2.28078895396860e+20 5.70522573524398e+20 
1.90599584907544e-04 3.77000000000000e+02 1.21905149843924e+23 3.82040161113596e+20 9.47936394656441e+20 
2.68368591785562e-04 3.77000000000000e+02 1.21571592167171e+23 5.33183938214308e+20 1.31276419396189e+21 
3.46137598663581e-04 3.77000000000000e+02 1.21247131368105e+23 6.81371315673672e+20 1.66531103717530e+21 
6.25888533476778e-04 3.77000000000000e+02 1.20154316014774e+23 1.18852061990255e+21 2.83664313537816e+21 
9.05639468289975e-04 3.77000000000000e+02 1.19175134732519e+23 1.65237027958260e+21 3.86730638052840e+21 
1.18539040310317e-03 3.77000000000000e+02 1.18304219248692e+23 2.07125063311602e+21 4.77137664111637e+21 
1.46514133791637e-03 3.77000000000000e+02 1.17534553826774e+23 2.44545758440130e+21 5.56229358238098e+21 
1.74489227272957e-03 3.77000000000000e+02 1.16858151099181e+23 2.77670274754670e+21 6.25260871127741e+21 
2.23652073071101e-03 3.77000000000000e+02 1.15869690129383e+23 3.26346401926718e+21 7.25600810743206e+21 
2.72814918869246e-03 3.77000000000000e+02 1.15098584831534e+23 3.64308663613272e+21 8.03897346939984e+21 
3.21977764667391e-03 3.77000000000000e+02 1.14503458767379e+23 3.93405344102473e+21 8.64729198792562e+21 
3.71140610465535e-03 3.77000000000000e+02 1.14048135762009e+23 4.15406493109605e+21 9.11791501852272e+21 
4.20303456263680e-03 3.77000000000000e+02 1.13702343563329e+23 4.31853404014669e+21 9.48056119778062e+21 
4.98445543930539e-03 3.77000000000000e+02 1.13320887527187e+23 4.49531555407668e+21 9.88991024220505e+21 
5.76587631597398e-03 3.77000000000000e+02 1.13079794602742e+23 4.60243528113686e+21 1.01578566369745e+22 
6.54729719264257e-03 3.77000000000000e+02 1.12928463763988e+23 4.66614788220662e+21 1.03330931123434e+22 
7.32871806931115e-03 3.77000000000000e+02 1.12835147631031e+23 4.70272330210792e+21 1.04465745384538e+22 
8.11013894597974e-03 3.77000000000000e+02 1.12779206235244e+23 4.72249867989914e+21 1.05189065744465e+22 
9.20669625584605e-03 3.77000000000000e+02 1.12738142516064e+23 4.73448117554871e+21 1.05770690215070e+22 
1.03032535657124e-02 3.77000000000000e+02 1.12718448117034e+23 4.73864213446172e+21 1.06081359017406e+22 
1.13998108755787e-02 3.77000000000000e+02 1.12708964554957e+23 4.73967759687078e+21 1.06250321010759e+22 
1.24963681854450e-02 3.77000000000000e+02 1.12705515071114e+23 4.73890066177260e+21 1.06334849389589e+22 
1.35929254953113e-02 3.77000000000000e+02 1.12705605042025e+23 4.73711859042865e+21 1.06368691398253e+22 
1.59678734041683e-02 3.77000000000000e+02 1.12709347019945e+23 4.73347481035269e+21 1.06366727441361e+22 
1.83428213130254e-02 3.77000000000000e+02 1.12711126514648e+23 4.73201861766623e+21 1.06360261401182e+22 
2.07177692218825e-02 3.77000000000000e+02 1.12710752344476e+23 4.73199757283872e+21 1.06368165701391e+22 
2.30927171307395e-02 3.77000000000000e+02 1.12710364503844e+23 4.73207602580788e+21 1.06374353454809e+22 
2.54676650395966e-02 3.77000000000000e+02 1.12710564585234e+23 4.73192052697926e+21 1.06373461803613e+22 
3.35048073733203e-02 3.77000000000000e+02 1.12710825163627e+23 4.73176553643197e+21 1.06371350046791e+22 
4.15419497070440e-02 3.77000000000000e+02 1.12710948010285e+23 4.73174286918323e+21 1.06369346458499e+22 
4.95790920407678e-02 3.77000000000000e+02 1.12710905000862e+23 4.73177260695710e+21 1.06369611891415e+22 
5.76162343744915e-02 3.77000000000000e+02 1.12710878946516e+23 4.73178051370216e+21 1.06369974843429e+22 
1.37987657711729e-01 3.77000000000000e+02 1.12710882856065e+23 4.73177605062022e+21 1.06369985914071e+22 
2.18359081048966e-01 3.77000000000000e+02 1.12710883784173e+23 4.73177579544292e+21 1.06369972455441e+22 
2.98730504386203e-01 3.77000000000000e+02 1.12710883779437e+23 4.73177581754405e+21 1.06369972108133e+22 
1.10244473775858e+00 3.77000000000000e+02 1.12710883775691e+23 4.73177581901081e+21 1.06369972153724e+22 
1.90615897113095e+00 3.77000000000000e+02 1.12710883775786e+23 4.73177581886515e+21 1.06369972154752e+22 
2.70987320450332e+00 3.77000000000000e+02 1.12710883775789e+23 4.73177581886326e+21 1.06369972154727e+22 
1.07470155382270e+01 3.77000000000000e+02 1.12710883775790e+23 4.73177581886331e+21 1.06369972154728e+22 
1.87841578719508e+01 3.77000000000000e+02 1.12710883775794e+23 4.73177581886334e+21 1.06369972154730e+22 
2.68213002056745e+01 3.77000000000000e+02 1.12710883775795e+23 4.73177581886335e+21 1.06369972154730e+22 
2.89913286357799e+01 3.77000000000000e+02 1.12710883775796e+23 4.73177581886335e+21 1.06369972154731e+22 
3.11613570658853e+01 3.77000000000000e+02 1.12710883775796e+23 4.73177581886335e+21 1.06369972154731e+22 
3.33313854959907e+01 3.77000000000000e+02 1.12710883775796e+23 4.73177581886336e+21 1.06369972154731e+22 
5.50316697970448e+01 3.77000000000000e+02 1.12710883775804e+23 4.73177581886341e+21 1.06369972154736e+22 
7.67319540980989e+01 3.77000000000000e+02 1.12710883775806e+23 4.73177581886343e+21 1.06369972154738e+22 
9.84322383991529e+01 3.77000000000000e+02 1.12710883775793e+23 4.73177581886334e+21 1.06369972154730e+22 
1.98432238399153e+02 3.77000000000000e+02 1.12710883775774e+23 4.73177581886320e+21 1.06369972154718e+22 
2.98432238399153e+02 3.77000000000000e+02 1.12710883775781e+23 4.73177581886325e+21 1.06369972154722e+22 
3.98432238399153e+02 3.77000000000000e+02 1.12710883775719e+23 4.73177581886282e+21 1.06369972154684e+22 
4.98432238399153e+02 3.77000000000000e+02 1.12710883775723e+23 4.73177581886285e+21 1.06369972154687e+22 
5.98432238399153e+02 3.77000000000000e+02 1.12710883775704e+23 4.73177581886272e+21 1.06369972154675e+22 
6.98432238399153e+02 3.77000000000000e+02 1.12710883775662e+23 4.73177581886242e+21 1.06369972154649e+22 
7.98432238399153e+02 3.77000000000000e+02 1.12710883775647e+23 4.73177581886232e+21 1.06369972154640e+22 
8.98432238399153e+02 3.77000000000000e+02 1.12710883775628e+23 4.73177581886219e+21 1.06369972154629e+22 
9.28902566879407e+02 3.77000000000000e+02 1.12710883775638e+23 4.73177581886225e+21 1.06369972154634e+22 
9.59372895359661e+02 3.77000000000000e+02 1.12710883775636e+23 4.73177581886224e+21 1.06369972154633e+22 
9.89843223839915e+02 3.77000000000000e+02 1.12710883775633e+23 4.73177581886222e+21 1.06369972154632e+22 
1.00000000000000e+03 3.77000000000000e+02 1.12710883775635e+23 4.73177581886223e+21 1.06369972154633e+22 
