Time(s)              GasTemp(K)           [O2(X)](m^-3)        [O2(a)](m^-3)        [O(3P)](m^-3)       
0.00000000000000e+00 3.77000000000000e+02 1.15659212568827e+23 0.00000000000000e+00 0.00000000000000e+00 
9.71432479953875e-17 3.77000000000000e+02 1.15659212568827e+23 9.00737479914911e+07 4.61470324229072e+08 
1.94286495990775e-16 3.77000000000000e+02 1.15659212568827e+23 1.80147495982981e+08 9.22940648458137e+08 
2.91429743986163e-16 3.77000000000000e+02 1.15659212568826e+23 2.70221243974469e+08 1.38441097268720e+09 
1.26286222394004e-15 3.77000000000000e+02 1.15659212568823e+23 1.17095872388923e+09 5.99911421497721e+09 
2.23429470389391e-15 3.77000000000000e+02 1.15659212568820e+23 2.07169620380385e+09 1.06138174572666e+10 
3.20572718384779e-15 3.77000000000000e+02 1.15659212568817e+23 2.97243368371832e+09 1.52285206995553e+10 
1.29200519833865e-14 3.77000000000000e+02 1.15659212568785e+23 1.19798084828508e+10 6.13755531223852e+10 
2.26343767829253e-14 3.77000000000000e+02 1.15659212568753e+23 2.09871832819692e+10 1.07522585545150e+11 
3.23487015824641e-14 3.77000000000000e+02 1.15659212568721e+23 2.99945580810734e+10 1.53669617967849e+11 
1.29491949577852e-13 3.77000000000000e+02 1.15659212568400e+23 1.20068306070884e+11 6.15139942189118e+11 
2.26635197573239e-13 3.77000000000000e+02 1.15659212568079e+23 2.10142054059294e+11 1.07661026640388e+12 
3.23778445568627e-13 3.77000000000000e+02 1.15659212567758e+23 3.00215802046277e+11 1.53808059061202e+12 
1.29521092552250e-12 3.77000000000000e+02 1.15659212564550e+23 1.20095328179301e+12 6.15278383212175e+12 
2.26664340547638e-12 3.77000000000000e+02 1.15659212561342e+23 2.10169076139966e+12 1.07674870729810e+13 
3.23807588543025e-12 3.77000000000000e+02 1.15659212558134e+23 3.00242824086358e+12 1.53821903131773e+13 
1.29524006849690e-11 3.77000000000000e+02 1.15659212526053e+23 1.20098030231935e+13 6.15292226579783e+13 
2.26667254845078e-11 3.77000000000000e+02 1.15659212493972e+23 2.10171777915153e+13 1.07676254937727e+14 
3.23810502840465e-11 3.77000000000000e+02 1.15659212461891e+23 3.00245525455638e+13 1.53823287151192e+14 
1.29524298279434e-10 3.77000000000000e+02 1.15659212141082e+23 1.20098298855122e+14 6.15293603569573e+14 
2.26667546274822e-10 3.77000000000000e+02 1.15659211820273e+23 2.10172043763867e+14 1.07676391348275e+15 
3.23810794270209e-10 3.77000000000000e+02 1.15659211499464e+23 3.00245787245277e+14 1.53823421676755e+15 
1.29524327422408e-09 3.77000000000000e+02 1.15659208291376e+23 1.20098309896666e+15 6.15293667798849e+15 
2.26667575417796e-09 3.77000000000000e+02 1.15659205083288e+23 2.10172027060651e+15 1.07676384886891e+16 
3.23810823413184e-09 3.77000000000000e+02 1.15659201875200e+23 3.00245729951245e+15 1.53823396365527e+16 
1.29524330336706e-08 3.77000000000000e+02 1.15659169794365e+23 1.20098152792079e+16 6.15292939525276e+16 
2.26667578332093e-08 3.77000000000000e+02 1.15659137713576e+23 2.10171592505119e+16 1.07676183216492e+17 
3.23810826327481e-08 3.77000000000000e+02 1.15659105632835e+23 3.00244889480607e+16 1.53823006196869e+17 
1.29524330628136e-07 3.77000000000000e+02 1.15658784829513e+23 1.20096554895089e+17 6.15285519785353e+17 
2.26667578623523e-07 3.77000000000000e+02 1.15658464030843e+23 2.10167219765634e+17 1.07674152820357e+18 
3.23810826618911e-07 3.77000000000000e+02 1.15658143236916e+23 3.00236456897319e+17 1.53819090837630e+18 
1.29524330657279e-06 3.77000000000000e+02 1.15654935706624e+23 1.20080563334003e+18 6.15211313932954e+18 
2.26667578652666e-06 3.77000000000000e+02 1.15651728641920e+23 2.10123446490289e+18 1.07653848840905e+19 
3.23810826648054e-06 3.77000000000000e+02 1.15648522051709e+23 3.00152015962128e+18 1.53779939174979e+19 
1.29524330660193e-05 3.77000000000000e+02 1.15616481493036e+23 1.19966934289627e+19 6.14687647250914e+19 
2.26667578655581e-05 3.77000000000000e+02 1.15584488230461e+23 2.09774737934849e+19 1.07493729145392e+20 
3.23810826650968e-05 3.77000000000000e+02 1.15552542717899e+23 2.99436177023351e+19 1.53452466451233e+20 
4.20954074646356e-05 3.77000000000000e+02 1.15520645200223e+23 3.88949400654742e+19 1.99344857078470e+20 
1.29550646833460e-04 3.77000000000000e+02 1.15235677123398e+23 1.18774147482534e+20 6.09522595894287e+20 
2.17005886202285e-04 3.77000000000000e+02 1.14954703215729e+23 1.97331488385569e+20 1.01435572942582e+21 
3.04461125571109e-04 3.77000000000000e+02 1.14677801450549e+23 2.74474749808891e+20 1.41387273693839e+21 
3.91916364939934e-04 3.77000000000000e+02 1.14405046199006e+23 3.50114385793069e+20 1.80810396805630e+21 
7.68789665130275e-04 3.77000000000000e+02 1.13278354440263e+23 6.57222934995623e+20 3.44727038713666e+21 
1.14566296532062e-03 3.77000000000000e+02 1.12233316534492e+23 9.30158592470688e+20 4.99147488372833e+21 
1.52253626551096e-03 3.77000000000000e+02 1.11271396699455e+23 1.16607338779334e+21 6.44348496315859e+21 
1.89940956570130e-03 3.77000000000000e+02 1.10391772004891e+23 1.36432103934559e+21 7.80623904918183e+21 
2.27628286589164e-03 3.77000000000000e+02 1.09591777817691e+23 1.52601143504808e+21 9.08284663217615e+21 
2.86183013731880e-03 3.77000000000000e+02 1.08494798572395e+23 1.71193642991518e+21 1.09049551330347e+22 
3.34547793860144e-03 3.77000000000000e+02 1.07713428305106e+23 1.81177879560743e+21 1.22680109362270e+22 
3.82912573988407e-03 3.77000000000000e+02 1.07032023465415e+23 1.87166489132229e+21 1.35110484241794e+22 
4.31277354116671e-03 3.77000000000000e+02 1.06438737179720e+23 1.89955691040406e+21 1.46418369574067e+22 
4.79642134244934e-03 3.77000000000000e+02 1.05922210119094e+23 1.90291186393628e+21 1.56681811715945e+22 
5.65378597518639e-03 3.77000000000000e+02 1.05165050437052e+23 1.86743572911339e+21 1.72534528053235e+22 
6.51115060792344e-03 3.77000000000000e+02 1.04567534235734e+23 1.80396158025420e+21 1.85754335056777e+22 
7.36851524066049e-03 3.77000000000000e+02 1.04090150299515e+23 1.73218953893040e+21 1.96737454607646e+22 
8.22587987339754e-03 3.77000000000000e+02 1.03705173344827e+23 1.66200460030944e+21 2.05840692473816e+22 
9.08324450613459e-03 3.77000000000000e+02 1.03391886300115e+23 1.59890759027621e+21 2.13368373568725e+22 
1.00824018228070e-02 3.77000000000000e+02 1.03098227587465e+23 1.53616510431443e+21 2.20496397540965e+22 
1.10815591394794e-02 3.77000000000000e+02 1.02864099994831e+23 1.48581471278083e+21 2.26185957224315e+22 
1.20807164561518e-02 3.77000000000000e+02 1.02676681668517e+23 1.44636787819004e+21 2.30723260442407e+22 
1.30798737728242e-02 3.77000000000000e+02 1.02526717457252e+23 1.41549909636521e+21 2.34339920304206e+22 
1.40790310894966e-02 3.77000000000000e+02 1.02406887773422e+23 1.39124231211584e+21 2.37221649665790e+22 
1.61694534306317e-02 3.77000000000000e+02 1.02229810499387e+23 1.35692472239064e+21 2.41449546940988e+22 
1.82598757717667e-02 3.77000000000000e+02 1.02118939240775e+23 1.33679356048725e+21 2.44069595351221e+22 
2.03502981129018e-02 3.77000000000000e+02 1.02048640107867e+23 1.32472335972897e+21 2.45716982024408e+22 
2.24407204540369e-02 3.77000000000000e+02 1.02004130566042e+23 1.31728575265789e+21 2.46755925002198e+22 
2.45311427951720e-02 3.77000000000000e+02 1.01976308272888e+23 1.31265322621677e+21 2.47405021394010e+22 
2.74881212505123e-02 3.77000000000000e+02 1.01954606711233e+23 1.30904900671248e+21 2.47911137017155e+22 
3.04450997058526e-02 3.77000000000000e+02 1.01943459469989e+23 1.30726280227070e+21 2.48169805930831e+22 
3.34020781611929e-02 3.77000000000000e+02 1.01937411814676e+23 1.30632581879133e+21 2.48309498706611e+22 
3.63590566165333e-02 3.77000000000000e+02 1.01934146461403e+23 1.30579848210098e+21 2.48385352505809e+22 
3.93160350718736e-02 3.77000000000000e+02 1.01932495616190e+23 1.30550457237417e+21 2.48424247604562e+22 
4.73740677127940e-02 3.77000000000000e+02 1.01930660244889e+23 1.30518236111008e+21 2.48467399255827e+22 
5.54321003537143e-02 3.77000000000000e+02 1.01930773353456e+23 1.30515088819374e+21 2.48465766542899e+22 
6.34901329946347e-02 3.77000000000000e+02 1.01930957891283e+23 1.30519450076083e+21 2.48461203535118e+22 
7.15481656355551e-02 3.77000000000000e+02 1.01930974290547e+23 1.30522057323915e+21 2.48460354100303e+22 
1.52128492044759e-01 3.77000000000000e+02 1.01930923048081e+23 1.30522286396126e+21 2.48461333135251e+22 
2.32708818453963e-01 3.77000000000000e+02 1.01930917852887e+23 1.30522112121380e+21 2.48461471894071e+22 
3.13289144863166e-01 3.77000000000000e+02 1.01930917648454e+23 1.30522103056802e+21 2.48461477795655e+22 
1.11909240895520e+00 3.77000000000000e+02 1.01930917744201e+23 1.30522094257266e+21 2.48461477640628e+22 
1.92489567304724e+00 3.77000000000000e+02 1.01930917741476e+23 1.30522094751543e+21 2.48461477596254e+22 
2.73069893713928e+00 3.77000000000000e+02 1.01930917745305e+23 1.30522094434362e+21 2.48461477583115e+22 
1.07887315780597e+01 3.77000000000000e+02 1.01930917745052e+23 1.30522094457218e+21 2.48461477583625e+22 
1.88467642189800e+01 3.77000000000000e+02 1.01930917745015e+23 1.30522094459902e+21 2.48461477583787e+22 
2.69047968599004e+01 3.77000000000000e+02 1.01930917745008e+23 1.30522094460476e+21 2.48461477583811e+22 
1.07485123269104e+02 3.77000000000000e+02 1.01930917744982e+23 1.30522094460551e+21 2.48461477583773e+22 
1.88065449678308e+02 3.77000000000000e+02 1.01930917744974e+23 1.30522094460542e+21 2.48461477583760e+22 
2.68645776087512e+02 3.77000000000000e+02 1.01930917744969e+23 1.30522094460547e+21 2.48461477583752e+22 
3.68645776087512e+02 3.77000000000000e+02 1.01930917744974e+23 1.30522094460546e+21 2.48461477583760e+22 
4.68645776087512e+02 3.77000000000000e+02 1.01930917744966e+23 1.30522094460547e+21 2.48461477583747e+22 
5.68645776087512e+02 3.77000000000000e+02 1.01930917744988e+23 1.30522094460543e+21 2.48461477583783e+22 
6.68645776087512e+02 3.77000000000000e+02 1.01930917745011e+23 1.30522094460539e+21 2.48461477583820e+22 
7.68645776087512e+02 3.77000000000000e+02 1.01930917745016e+23 1.30522094460538e+21 2.48461477583828e+22 
8.68645776087512e+02 3.77000000000000e+02 1.01930917744987e+23 1.30522094460543e+21 2.48461477583781e+22 
9.68645776087512e+02 3.77000000000000e+02 1.01930917744976e+23 1.30522094460545e+21 2.48461477583763e+22 
1.00000000000000e+03 3.77000000000000e+02 1.01930917744973e+23 1.30522094460546e+21 2.48461477583757e+22 
