Time(s)              GasTemp(K)           [O2(X)](m^-3)        [O2(a)](m^-3)        [O(3P)](m^-3)       
0.00000000000000e+00 3.77000000000000e+02 1.18466903321350e+23 0.00000000000000e+00 0.00000000000000e+00 
6.75485649782284e-17 3.77000000000000e+02 1.18466903321349e+23 1.22159122391336e+08 4.41931404743391e+08 
1.35097129956457e-16 3.77000000000000e+02 1.18466903321349e+23 2.44318244782672e+08 8.83862809486775e+08 
2.02645694934685e-16 3.77000000000000e+02 1.18466903321349e+23 3.66477367174006e+08 1.32579421423015e+09 
8.78131344716969e-16 3.77000000000000e+02 1.18466903321345e+23 1.58806859108726e+09 5.74510826166331e+09 
1.55361699449925e-15 3.77000000000000e+02 1.18466903321342e+23 2.80965981500042e+09 1.01644223090958e+10 
2.22910264428154e-15 3.77000000000000e+02 1.18466903321338e+23 4.03125103891348e+09 1.45837363565276e+10 
8.98395914210437e-15 3.77000000000000e+02 1.18466903321304e+23 1.62471632780354e+10 5.87768768307845e+10 
1.57388156399272e-14 3.77000000000000e+02 1.18466903321270e+23 2.84630755171475e+10 1.02970017304972e+11 
2.24936721377500e-14 3.77000000000000e+02 1.18466903321235e+23 4.06789877562496e+10 1.47163157779090e+11 
9.00422371159784e-14 3.77000000000000e+02 1.18466903320892e+23 1.62838110146407e+11 5.89094562514192e+11 
1.57590802094207e-13 3.77000000000000e+02 1.18466903320549e+23 2.84997232535580e+11 1.03102596724238e+12 
2.25139367072435e-13 3.77000000000000e+02 1.18466903320206e+23 4.07156354923752e+11 1.47295737196353e+12 
9.00625016854719e-13 3.77000000000000e+02 1.18466903316775e+23 1.62874757871908e+12 5.89227141856781e+12 
1.57611066663700e-12 3.77000000000000e+02 1.18466903313343e+23 2.85033880241610e+12 1.03115854644810e+13 
2.25159631641929e-12 3.77000000000000e+02 1.18466903309912e+23 4.07193002601293e+12 1.47308995096902e+13 
9.00645281424213e-12 3.77000000000000e+02 1.18466903275600e+23 1.62878422533422e+13 5.89240399010583e+13 
1.57613093120650e-11 3.77000000000000e+02 1.18466903241287e+23 2.85037544708399e+13 1.03117180223323e+14 
2.25161658098878e-11 3.77000000000000e+02 1.18466903206975e+23 4.07196666783200e+13 1.47310320475175e+14 
9.00647307881162e-11 3.77000000000000e+02 1.18466902863850e+23 1.62878787889206e+14 5.89241716921393e+14 
1.57613295766345e-10 3.77000000000000e+02 1.18466902520725e+23 2.85037908116943e+14 1.03117310645724e+15 
2.25161860744573e-10 3.77000000000000e+02 1.18466902177600e+23 4.07197027342917e+14 1.47310448895186e+15 
9.00647510526857e-10 3.77000000000000e+02 1.18466898746353e+23 1.62878813321100e+15 5.89241770666769e+15 
1.57613316030914e-09 3.77000000000000e+02 1.18466895315105e+23 2.85037914076387e+15 1.03117302333459e+16 
2.25161881009142e-09 3.77000000000000e+02 1.18466891883859e+23 4.07197004813986e+15 1.47310420559027e+16 
9.00647530791426e-09 3.77000000000000e+02 1.18466857571429e+23 1.62878704825950e+16 5.89240995584187e+16 
1.57613318057371e-08 3.77000000000000e+02 1.18466823259045e+23 2.85037610851948e+16 1.03117087957048e+17 
2.25161883035599e-08 3.77000000000000e+02 1.18466788946705e+23 4.07196416695765e+16 1.47310005943420e+17 
9.00647532817883e-08 3.77000000000000e+02 1.18466445827209e+23 1.62877583443615e+17 5.89233113496619e+17 
1.57613318260017e-07 3.77000000000000e+02 1.18466102712153e+23 2.85034541698339e+17 1.03114931054118e+18 
2.25161883238245e-07 3.77000000000000e+02 1.18465759601619e+23 4.07190497601671e+17 1.47305846624874e+18 
9.00647533020529e-07 3.77000000000000e+02 1.18462328886446e+23 1.62866351039183e+18 5.89154278692007e+18 
1.57613318280281e-06 3.77000000000000e+02 1.18458898615544e+23 2.85003783759864e+18 1.03093359368512e+19 
2.25161883258510e-06 3.77000000000000e+02 1.18455468797528e+23 4.07131140046811e+18 1.47264248421839e+19 
9.00647533040793e-06 3.77000000000000e+02 1.18421194848424e+23 1.62785989580367e+19 5.88597479356261e+19 
1.57613318282308e-05 3.77000000000000e+02 1.18386966177328e+23 2.84756275377273e+19 1.02923032968493e+20 
2.25161883260536e-05 3.77000000000000e+02 1.18352783333008e+23 4.06621173903894e+19 1.46915741901659e+20 
2.92710448238764e-05 3.77000000000000e+02 1.18318646669952e+23 5.28378248340886e+19 1.90837653127892e+20 
9.07216972252784e-05 3.77000000000000e+02 1.18010284938470e+23 1.63048411434926e+20 5.87139942889416e+20 
1.52172349626680e-04 3.77000000000000e+02 1.17705948792190e+23 2.72183339186523e+20 9.77542379945653e+20 
2.13623002028082e-04 3.77000000000000e+02 1.17405794859002e+23 3.80098758175712e+20 1.36201940834402e+21 
2.75073654429484e-04 3.77000000000000e+02 1.17109976010279e+23 4.86652047304552e+20 1.74055052753177e+21 
6.12047233286352e-04 3.77000000000000e+02 1.15569851389439e+23 1.04176153280249e+21 3.71058079821614e+21 
9.49020812143219e-04 3.77000000000000e+02 1.14179959698994e+23 1.53558705981860e+21 5.50271312507417e+21 
1.28599439100009e-03 3.77000000000000e+02 1.12948161531929e+23 1.95793471808109e+21 7.12161414267889e+21 
1.62296796985695e-03 3.77000000000000e+02 1.11873455765291e+23 2.30573880515563e+21 8.57541750180525e+21 
1.95994154871382e-03 3.77000000000000e+02 1.10948187123791e+23 2.58146276304251e+21 9.87450686903138e+21 
2.42309490848390e-03 3.77000000000000e+02 1.09893935989990e+23 2.85666047612672e+21 1.14326137104667e+22 
2.80052987217646e-03 3.77000000000000e+02 1.09202544073774e+23 3.00291871421473e+21 1.25228810667225e+22 
3.17796483586901e-03 3.77000000000000e+02 1.08638656411462e+23 3.09291891938719e+21 1.34706559810008e+22 
3.55539979956157e-03 3.77000000000000e+02 1.08182320480883e+23 3.13866246931361e+21 1.42918407423059e+22 
3.93283476325413e-03 3.77000000000000e+02 1.07815237446946e+23 3.15100409097441e+21 1.50013235668575e+22 
4.55093258531122e-03 3.77000000000000e+02 1.07367557247720e+23 3.12164965146929e+21 1.59553928443197e+22 
5.16903040736832e-03 3.77000000000000e+02 1.07058945021626e+23 3.05872877436291e+21 1.66984590507223e+22 
5.78712822942541e-03 3.77000000000000e+02 1.06845144787250e+23 2.98381388795570e+21 1.72758892922878e+22 
6.40522605148251e-03 3.77000000000000e+02 1.06696153802378e+23 2.90889318892076e+21 1.77237126601026e+22 
7.02332387353960e-03 3.77000000000000e+02 1.06592024895402e+23 2.83978996301931e+21 1.80701769258568e+22 
7.78415721767856e-03 3.77000000000000e+02 1.06505814414872e+23 2.76630222086380e+21 1.83895733712280e+22 
8.54499056181752e-03 3.77000000000000e+02 1.06449235361590e+23 2.70699300693400e+21 1.86213499056507e+22 
9.30582390595647e-03 3.77000000000000e+02 1.06411508058380e+23 2.66066612459990e+21 1.87894582767394e+22 
1.00666572500954e-02 3.77000000000000e+02 1.06386224266620e+23 2.62508252996083e+21 1.89111930495367e+22 
1.08274905942344e-02 3.77000000000000e+02 1.06369258083533e+23 2.59805982436866e+21 1.89991708268949e+22 
1.24317250293538e-02 3.77000000000000e+02 1.06348986323769e+23 2.56223284777879e+21 1.91113682996034e+22 
1.40359594644731e-02 3.77000000000000e+02 1.06336520421372e+23 2.54447610145404e+21 1.91718135970465e+22 
1.56401938995925e-02 3.77000000000000e+02 1.06328249221899e+23 2.53544674897606e+21 1.92064147009490e+22 
1.72444283347119e-02 3.77000000000000e+02 1.06325990884313e+23 2.52925208228776e+21 1.92233207094972e+22 
1.88486627698313e-02 3.77000000000000e+02 1.06328190181900e+23 2.52480440693228e+21 1.92278174650352e+22 
2.18194391736965e-02 3.77000000000000e+02 1.06330365647881e+23 2.52197252982671e+21 1.92291302872843e+22 
2.47902155775618e-02 3.77000000000000e+02 1.06331080953068e+23 2.52205545959123e+21 1.92275338173816e+22 
2.77609919814270e-02 3.77000000000000e+02 1.06331021551667e+23 2.52250432404354e+21 1.92267548912801e+22 
3.07317683852922e-02 3.77000000000000e+02 1.06330884317034e+23 2.52266513436892e+21 1.92267077398955e+22 
4.27826931535746e-02 3.77000000000000e+02 1.06330837763371e+23 2.52261769189032e+21 1.92268957321788e+22 
5.48336179218571e-02 3.77000000000000e+02 1.06330840019119e+23 2.52259233394813e+21 1.92269419365673e+22 
6.68845426901395e-02 3.77000000000000e+02 1.06330841104382e+23 2.52258897460996e+21 1.92269464847171e+22 
1.87393790372964e-01 3.77000000000000e+02 1.06330841258824e+23 2.52258903132503e+21 1.92269460624027e+22 
3.07903038055788e-01 3.77000000000000e+02 1.06330841245049e+23 2.52258913048664e+21 1.92269458916302e+22 
4.28412285738612e-01 3.77000000000000e+02 1.06330841244608e+23 2.52258913242344e+21 1.92269458886385e+22 
1.63350476256685e+00 3.77000000000000e+02 1.06330841244609e+23 2.52258913218056e+21 1.92269458891204e+22 
2.83859723939510e+00 3.77000000000000e+02 1.06330841244610e+23 2.52258913217420e+21 1.92269458891323e+22 
4.04368971622334e+00 3.77000000000000e+02 1.06330841244610e+23 2.52258913217420e+21 1.92269458891323e+22 
1.60946144845058e+01 3.77000000000000e+02 1.06330841244610e+23 2.52258913217421e+21 1.92269458891323e+22 
2.81455392527882e+01 3.77000000000000e+02 1.06330841244611e+23 2.52258913217420e+21 1.92269458891324e+22 
4.01964640210706e+01 3.77000000000000e+02 1.06330841244608e+23 2.52258913217421e+21 1.92269458891321e+22 
1.40196464021071e+02 3.77000000000000e+02 1.06330841244619e+23 2.52258913217418e+21 1.92269458891331e+22 
1.49196464021071e+02 3.77000000000000e+02 1.06330841244621e+23 2.52258913217418e+21 1.92269458891332e+22 
1.58196464021071e+02 3.77000000000000e+02 1.06330841244620e+23 2.52258913217418e+21 1.92269458891332e+22 
1.67196464021071e+02 3.77000000000000e+02 1.06330841244620e+23 2.52258913217418e+21 1.92269458891331e+22 
1.75296464021071e+02 3.77000000000000e+02 1.06330841244621e+23 2.52258913217418e+21 1.92269458891332e+22 
1.77726464021071e+02 3.77000000000000e+02 1.06330841244621e+23 2.52258913217418e+21 1.92269458891332e+22 
1.80156464021071e+02 3.77000000000000e+02 1.06330841244622e+23 2.52258913217418e+21 1.92269458891333e+22 
1.82586464021071e+02 3.77000000000000e+02 1.06330841244623e+23 2.52258913217418e+21 1.92269458891334e+22 
2.06886464021071e+02 3.77000000000000e+02 1.06330841244629e+23 2.52258913217416e+21 1.92269458891339e+22 
2.31186464021071e+02 3.77000000000000e+02 1.06330841244620e+23 2.52258913217418e+21 1.92269458891331e+22 
2.55486464021071e+02 3.77000000000000e+02 1.06330841244619e+23 2.52258913217419e+21 1.92269458891330e+22 
2.58186464021071e+02 3.77000000000000e+02 1.06330841244618e+23 2.52258913217419e+21 1.92269458891329e+22 
2.60886464021071e+02 3.77000000000000e+02 1.06330841244617e+23 2.52258913217419e+21 1.92269458891329e+22 
2.63586464021071e+02 3.77000000000000e+02 1.06330841244617e+23 2.52258913217419e+21 1.92269458891329e+22 
2.71686464021071e+02 3.77000000000000e+02 1.06330841244616e+23 2.52258913217419e+21 1.92269458891328e+22 
2.79786464021071e+02 3.77000000000000e+02 1.06330841244617e+23 2.52258913217419e+21 1.92269458891329e+22 
2.82216464021071e+02 3.77000000000000e+02 1.06330841244619e+23 2.52258913217419e+21 1.92269458891330e+22 
2.84646464021071e+02 3.77000000000000e+02 1.06330841244619e+23 2.52258913217419e+21 1.92269458891330e+22 
2.87076464021071e+02 3.77000000000000e+02 1.06330841244619e+23 2.52258913217418e+21 1.92269458891331e+22 
3.11376464021071e+02 3.77000000000000e+02 1.06330841244625e+23 2.52258913217417e+21 1.92269458891336e+22 
3.35676464021071e+02 3.77000000000000e+02 1.06330841244640e+23 2.52258913217414e+21 1.92269458891349e+22 
3.59976464021071e+02 3.77000000000000e+02 1.06330841244646e+23 2.52258913217413e+21 1.92269458891354e+22 
3.68976464021071e+02 3.77000000000000e+02 1.06330841244647e+23 2.52258913217412e+21 1.92269458891354e+22 
3.77976464021071e+02 3.77000000000000e+02 1.06330841244641e+23 2.52258913217414e+21 1.92269458891349e+22 
3.86976464021071e+02 3.77000000000000e+02 1.06330841244636e+23 2.52258913217415e+21 1.92269458891345e+22 
4.76976464021071e+02 3.77000000000000e+02 1.06330841244599e+23 2.52258913217423e+21 1.92269458891314e+22 
5.66976464021071e+02 3.77000000000000e+02 1.06330841244585e+23 2.52258913217426e+21 1.92269458891301e+22 
6.56976464021071e+02 3.77000000000000e+02 1.06330841244574e+23 2.52258913217428e+21 1.92269458891292e+22 
6.65976464021071e+02 3.77000000000000e+02 1.06330841244574e+23 2.52258913217428e+21 1.92269458891292e+22 
6.74976464021071e+02 3.77000000000000e+02 1.06330841244574e+23 2.52258913217428e+21 1.92269458891292e+22 
6.83976464021071e+02 3.77000000000000e+02 1.06330841244574e+23 2.52258913217428e+21 1.92269458891292e+22 
7.73976464021071e+02 3.77000000000000e+02 1.06330841244592e+23 2.52258913217424e+21 1.92269458891307e+22 
8.63976464021071e+02 3.77000000000000e+02 1.06330841244576e+23 2.52258913217428e+21 1.92269458891294e+22 
9.53976464021071e+02 3.77000000000000e+02 1.06330841244560e+23 2.52258913217431e+21 1.92269458891280e+22 
1.00000000000000e+03 3.77000000000000e+02 1.06330841244563e+23 2.52258913217431e+21 1.92269458891282e+22 
