Time(s)              GasTemp(K)           [O2(X)](m^-3)        [O2(a)](m^-3)        [O(3P)](m^-3)       
0.00000000000000e+00 3.77000000000000e+02 2.47058265269536e+22 0.00000000000000e+00 0.00000000000000e+00 
4.09113195221876e-16 3.77000000000000e+02 2.47058265269534e+22 1.48586823662419e+08 1.28482642377098e+08 
8.18226390443752e-16 3.77000000000000e+02 2.47058265269532e+22 2.97173647324828e+08 2.56965284754188e+08 
1.22733958566563e-15 3.77000000000000e+02 2.47058265269529e+22 4.45760470987226e+08 3.85447927131269e+08 
5.31847153788439e-15 3.77000000000000e+02 2.47058265269508e+22 1.93162870761032e+09 1.67027435090134e+09 
9.40960349010315e-15 3.77000000000000e+02 2.47058265269487e+22 3.41749694423240e+09 2.95510077467058e+09 
1.35007354423219e-14 3.77000000000000e+02 2.47058265269466e+22 4.90336518085345e+09 4.23992719843897e+09 
5.44120549645095e-14 3.77000000000000e+02 2.47058265269253e+22 1.97620475469747e+10 1.70881914360492e+10 
9.53233744866971e-14 3.77000000000000e+02 2.47058265269040e+22 3.46207299129945e+10 2.99364556735757e+10 
1.36234694008885e-13 3.77000000000000e+02 2.47058265268827e+22 4.94794122789108e+10 4.27847199110168e+10 
5.45347889230761e-13 3.77000000000000e+02 2.47058265266699e+22 1.98066235929156e+11 1.71267362278067e+11 
9.54461084452637e-13 3.77000000000000e+02 2.47058265264571e+22 3.46653059569251e+11 2.99750004636741e+11 
1.36357427967451e-12 3.77000000000000e+02 2.47058265262442e+22 4.95239883199004e+11 4.28232646986879e+11 
5.45470623189327e-12 3.77000000000000e+02 2.47058265241160e+22 1.98110811860466e+12 1.71305906975217e+12 
9.54583818411204e-12 3.77000000000000e+02 2.47058265219877e+22 3.46697635299534e+12 2.99788549167979e+12 
1.36369701363308e-11 3.77000000000000e+02 2.47058265198594e+22 4.95284458635183e+12 4.28271191275386e+12 
5.45482896585184e-11 3.77000000000000e+02 2.47058264985766e+22 1.98115268307289e+13 1.71309760498858e+13 
9.54596091807060e-11 3.77000000000000e+02 2.47058264772938e+22 3.46702089736088e+13 2.99792401032499e+13 
1.36370928702894e-10 3.77000000000000e+02 2.47058264560109e+22 4.95288910130698e+13 4.28275040712601e+13 
5.45484123924770e-10 3.77000000000000e+02 2.47058262431828e+22 1.98115702488894e+14 1.71310136390485e+14 
9.54597319146646e-10 3.77000000000000e+02 2.47058260303547e+22 3.46702503815004e+14 2.99792760332922e+14 
1.36371051436852e-09 3.77000000000000e+02 2.47058258175266e+22 4.95289294799229e+14 4.28275375739966e+14 
5.45484246658728e-09 3.77000000000000e+02 2.47058236892469e+22 1.98115631276343e+15 1.71310079372328e+15 
9.54597441880604e-09 3.77000000000000e+02 2.47058215609686e+22 3.46702231575675e+15 2.99792537402824e+15 
1.36371063710248e-08 3.77000000000000e+02 2.47058194326918e+22 4.95288728456318e+15 4.28274910079547e+15 
5.45484258932124e-08 3.77000000000000e+02 2.47057981500494e+22 1.98114477853916e+16 1.71309127602447e+16 
9.54597454154000e-08 3.77000000000000e+02 2.47057768675505e+22 3.46699067897483e+16 2.99789926524676e+16 
1.36371064937588e-07 3.77000000000000e+02 2.47057555851976e+22 4.95282623769499e+16 4.28269871922985e+16 
5.45484260159464e-07 3.77000000000000e+02 2.47055427742674e+22 1.98102900094554e+17 1.71299572258561e+17 
9.54597455381340e-07 3.77000000000000e+02 2.47053299776742e+22 3.46667388781221e+17 2.99763781210570e+17 
1.36371065060322e-06 3.77000000000000e+02 2.47051171956881e+22 4.95221537286630e+17 4.28219456305234e+17 
5.45484260282198e-06 3.77000000000000e+02 2.47029906348455e+22 1.97987177604224e+18 1.71204066415895e+18 
9.54597455504074e-06 3.77000000000000e+02 2.47008655067917e+22 3.46350772761915e+18 2.99502486851051e+18 
1.36371065072595e-05 3.77000000000000e+02 2.46987418372246e+22 4.94611119502598e+18 4.27715706792281e+18 
4.80365048296330e-05 3.77000000000000e+02 2.46809408250208e+22 1.73730368597608e+19 1.50253301460369e+19 
8.24359031520066e-05 3.77000000000000e+02 2.46632415228246e+22 2.97279487329743e+19 2.57141107920727e+19 
1.16835301474380e-04 3.77000000000000e+02 2.46456442913228e+22 4.20105819493971e+19 3.63433073628059e+19 
1.51234699796754e-04 3.77000000000000e+02 2.46281489186451e+22 5.42210768910089e+19 4.69130628350393e+19 
4.95228683020489e-04 3.77000000000000e+02 2.44586226486233e+22 1.72479229043138e+20 1.49449298574390e+20 
8.39222666244224e-04 3.77000000000000e+02 2.42987150813134e+22 2.83917256823272e+20 2.46388377633913e+20 
1.18321664946796e-03 3.77000000000000e+02 2.41479742277199e+22 3.88851269003786e+20 3.38002060459842e+20 
1.52721063269169e-03 3.77000000000000e+02 2.40059411768608e+22 4.87604202851971e+20 4.24562294481747e+20 
2.79998030902825e-03 3.77000000000000e+02 2.35492587626302e+22 8.04140145469535e+20 7.04855237707866e+20 
4.07274998536481e-03 3.77000000000000e+02 2.31854356979609e+22 1.05484725603831e+21 9.31087145908875e+20 
5.34551966170136e-03 3.77000000000000e+02 2.28966235551234e+22 1.25257175677728e+21 1.11326243010603e+21 
6.61828933803792e-03 3.77000000000000e+02 2.26681065946088e+22 1.40795253102587e+21 1.25953480263823e+21 
7.89105901437447e-03 3.77000000000000e+02 2.24878908283670e+22 1.52964278239071e+21 1.37658583239219e+21 
9.70999903593052e-03 3.77000000000000e+02 2.22949780790431e+22 1.65882725963380e+21 1.50404237655378e+21 
1.15289390574866e-02 3.77000000000000e+02 2.21587705740928e+22 1.74913681758245e+21 1.59583827055694e+21 
1.33478790790426e-02 3.77000000000000e+02 2.20631200897453e+22 1.81193576944039e+21 1.66154133553599e+21 
1.51668191005987e-02 3.77000000000000e+02 2.19962201460033e+22 1.85544975752405e+21 1.70831324685262e+21 
1.69857591221547e-02 3.77000000000000e+02 2.19495374168837e+22 1.88555724853601e+21 1.74146372306779e+21 
1.88046991437108e-02 3.77000000000000e+02 2.19170206283263e+22 1.90636794250948e+21 1.76487591223572e+21 
2.17775564708872e-02 3.77000000000000e+02 2.18835483696206e+22 1.92759708528894e+21 1.78936214408792e+21 
2.47504137980636e-02 3.77000000000000e+02 2.18652663808824e+22 1.93898879207323e+21 1.80314270799537e+21 
2.77232711252401e-02 3.77000000000000e+02 2.18556932321227e+22 1.94481394137956e+21 1.81063870690123e+21 
3.06961284524165e-02 3.77000000000000e+02 2.18507188770427e+22 1.94785602858122e+21 1.81450324265727e+21 
3.36689857795930e-02 3.77000000000000e+02 2.18479061992976e+22 1.94968857235312e+21 1.81646351060339e+21 
3.66418431067694e-02 3.77000000000000e+02 2.18461429730319e+22 1.95086790465111e+21 1.81763129853883e+21 
4.20923394728478e-02 3.77000000000000e+02 2.18440267352506e+22 1.95228305509217e+21 1.81903347321946e+21 
4.75428358389261e-02 3.77000000000000e+02 2.18433631918040e+22 1.95259995108909e+21 1.81972676811544e+21 
5.29933322050044e-02 3.77000000000000e+02 2.18437055819813e+22 1.95229143323319e+21 1.81965902346630e+21 
5.84438285710828e-02 3.77000000000000e+02 2.18440648375331e+22 1.95208122170724e+21 1.81936093541047e+21 
6.38943249371611e-02 3.77000000000000e+02 2.18440220241186e+22 1.95215372033120e+21 1.81930156499130e+21 
6.93448213032394e-02 3.77000000000000e+02 2.18438512485898e+22 1.95226394291265e+21 1.81942267088743e+21 
7.95296161614137e-02 3.77000000000000e+02 2.18437337311567e+22 1.95232812459500e+21 1.81952934239174e+21 
8.97144110195880e-02 3.77000000000000e+02 2.18438610359474e+22 1.95223185544910e+21 1.81946727110160e+21 
9.98992058777624e-02 3.77000000000000e+02 2.18439517297618e+22 1.95217726738868e+21 1.81939505959175e+21 
1.10084000735937e-01 3.77000000000000e+02 2.18439346003618e+22 1.95219497265037e+21 1.81939390786749e+21 
1.20268795594111e-01 3.77000000000000e+02 2.18438987962391e+22 1.95221847542511e+21 1.81941851056344e+21 
1.64187002370468e-01 3.77000000000000e+02 2.18438961031597e+22 1.95221949953752e+21 1.81942184849670e+21 
2.08105209146825e-01 3.77000000000000e+02 2.18439039610386e+22 1.95221290260469e+21 1.81941932660490e+21 
2.52023415923181e-01 3.77000000000000e+02 2.18439054601922e+22 1.95221230650333e+21 1.81941752050042e+21 
2.95941622699538e-01 3.77000000000000e+02 2.18439048812176e+22 1.95221285229700e+21 1.81941758686247e+21 
7.35123690463106e-01 3.77000000000000e+02 2.18439050364199e+22 1.95221276309983e+21 1.81941745485275e+21 
1.17430575822667e+00 3.77000000000000e+02 2.18439046695093e+22 1.95221294527378e+21 1.81941782433077e+21 
1.61348782599024e+00 3.77000000000000e+02 2.18439047970152e+22 1.95221288064670e+21 1.81941769857541e+21 
2.05266989375381e+00 3.77000000000000e+02 2.18439048038998e+22 1.95221287719625e+21 1.81941769170787e+21 
6.44449057138949e+00 3.77000000000000e+02 2.18439048040738e+22 1.95221287708362e+21 1.81941769160098e+21 
1.08363112490252e+01 3.77000000000000e+02 2.18439048020720e+22 1.95221287791548e+21 1.81941769394370e+21 
1.52281319266609e+01 3.77000000000000e+02 2.18439048024016e+22 1.95221287794079e+21 1.81941769323363e+21 
1.96199526042965e+01 3.77000000000000e+02 2.18439048024028e+22 1.95221287794091e+21 1.81941769323031e+21 
6.35381593806533e+01 3.77000000000000e+02 2.18439048024050e+22 1.95221287794100e+21 1.81941769323047e+21 
1.07456366157010e+02 3.77000000000000e+02 2.18439048024081e+22 1.95221287793925e+21 1.81941769323105e+21 
1.51374572933367e+02 3.77000000000000e+02 2.18439048024056e+22 1.95221287794093e+21 1.81941769323125e+21 
1.95292779709724e+02 3.77000000000000e+02 2.18439048024055e+22 1.95221287794092e+21 1.81941769323124e+21 
2.95292779709724e+02 3.77000000000000e+02 2.18439048024045e+22 1.95221287794084e+21 1.81941769323116e+21 
3.95292779709724e+02 3.77000000000000e+02 2.18439048024050e+22 1.95221287794088e+21 1.81941769323120e+21 
4.95292779709724e+02 3.77000000000000e+02 2.18439048024062e+22 1.95221287794098e+21 1.81941769323130e+21 
5.95292779709724e+02 3.77000000000000e+02 2.18439048024050e+22 1.95221287794088e+21 1.81941769323121e+21 
6.95292779709724e+02 3.77000000000000e+02 2.18439048024061e+22 1.95221287794097e+21 1.81941769323129e+21 
7.95292779709724e+02 3.77000000000000e+02 2.18439048024067e+22 1.95221287794102e+21 1.81941769323134e+21 
8.95292779709724e+02 3.77000000000000e+02 2.18439048024105e+22 1.95221287794132e+21 1.81941769323164e+21 
1.00000000000000e+03 3.77000000000000e+02 2.18439048024162e+22 1.95221287794177e+21 1.81941769323209e+21 
