Time(s)              GasTemp(K)           [O2(X)](m^-3)        [O2(a)](m^-3)        [O(3P)](m^-3)       
0.00000000000000e+00 3.77000000000000e+02 1.21444789361650e+23 0.00000000000000e+00 0.00000000000000e+00 
1.57341271826532e-16 3.77000000000000e+02 1.21444789361650e+23 1.35820108624266e+08 4.38066436294081e+08 
3.14682543653065e-16 3.77000000000000e+02 1.21444789361650e+23 2.71640217248530e+08 8.76132872588153e+08 
4.72023815479597e-16 3.77000000000000e+02 1.21444789361649e+23 4.07460325872791e+08 1.31419930888221e+09 
2.04543653374492e-15 3.77000000000000e+02 1.21444789361646e+23 1.76566141211518e+09 5.69486367182197e+09 
3.61884925201024e-15 3.77000000000000e+02 1.21444789361642e+23 3.12386249835733e+09 1.00755280347608e+10 
5.19226197027557e-15 3.77000000000000e+02 1.21444789361639e+23 4.48206358459923e+09 1.44561923976985e+10 
2.09263891529288e-14 3.77000000000000e+02 1.21444789361603e+23 1.80640744469966e+10 5.82628360269907e+10 
3.66605163355820e-14 3.77000000000000e+02 1.21444789361568e+23 3.16460853093693e+10 1.02069479656185e+11 
5.23946435182353e-14 3.77000000000000e+02 1.21444789361532e+23 4.52280961717170e+10 1.45876123285280e+11 
2.09735915344768e-13 3.77000000000000e+02 1.21444789361177e+23 1.81048204793031e+11 5.83942559567657e+11 
3.67077187171300e-13 3.77000000000000e+02 1.21444789360822e+23 3.16868313411884e+11 1.02200899584027e+12 
5.24418458997832e-13 3.77000000000000e+02 1.21444789360467e+23 4.52688422028229e+11 1.46007543210295e+12 
2.09783117726316e-12 3.77000000000000e+02 1.21444789356919e+23 1.81088950797542e+12 5.84073979387222e+12 
3.67124389552848e-12 3.77000000000000e+02 1.21444789353370e+23 3.16909059367649e+12 1.02214041546657e+13 
5.24465661379380e-12 3.77000000000000e+02 1.21444789349822e+23 4.52729167912679e+12 1.46020685144648e+13 
2.09787837964470e-11 3.77000000000000e+02 1.21444789314337e+23 1.81093025120034e+13 5.84087120267076e+13 
3.67129109791003e-11 3.77000000000000e+02 1.21444789278851e+23 3.16913133202688e+13 1.02215355441367e+14 
5.24470381617535e-11 3.77000000000000e+02 1.21444789243366e+23 4.52733241034570e+13 1.46021998756597e+14 
2.09788309988286e-10 3.77000000000000e+02 1.21444788888513e+23 1.81093429772696e+14 5.84088423334046e+14 
3.67129581814818e-10 3.77000000000000e+02 1.21444788533659e+23 3.16913532980814e+14 1.02215483815319e+15 
5.24470853641351e-10 3.77000000000000e+02 1.21444788178806e+23 4.52733633681212e+14 1.46022124302928e+15 
2.09788357190667e-09 3.77000000000000e+02 1.21444784630274e+23 1.81093442442057e+15 5.84088443430586e+15 
3.67129629017200e-09 3.77000000000000e+02 1.21444781081742e+23 3.16913496904702e+15 1.02215466497521e+16 
5.24470900843732e-09 3.77000000000000e+02 1.21444777533211e+23 4.52733526290030e+15 1.46022078708921e+16 
2.09788361910906e-08 3.77000000000000e+02 1.21444742047966e+23 1.81093165746585e+16 5.84087343339201e+16 
3.67129633737438e-08 3.77000000000000e+02 1.21444706562795e+23 3.16912732743479e+16 1.02215163213804e+17 
5.24470905563970e-08 3.77000000000000e+02 1.21444671077699e+23 4.52732048955104e+16 1.46021492663076e+17 
2.09788362382929e-07 3.77000000000000e+02 1.21444316233186e+23 1.81090358117085e+17 5.84076212372567e+17 
3.67129634209462e-07 3.77000000000000e+02 1.21443961396014e+23 3.16905049353997e+17 1.02212117366051e+18 
5.24470906035994e-07 3.77000000000000e+02 1.21443606566323e+23 4.52717231528384e+17 1.46015619189565e+18 
2.09788362430132e-06 3.77000000000000e+02 1.21440058914733e+23 1.81062244187827e+18 5.83964894995425e+18 
3.67129634256664e-06 3.77000000000000e+02 1.21436511998094e+23 3.16828067646132e+18 1.02181657589374e+19 
5.24470906083197e-06 3.77000000000000e+02 1.21432965830718e+23 4.52568679653499e+18 1.45956882714432e+19 
2.09788362434852e-05 3.77000000000000e+02 1.21397544279589e+23 1.80861333716202e+19 5.83178973788844e+19 
3.67129634261384e-05 3.77000000000000e+02 1.21362197749735e+23 3.16209655976280e+19 1.01941292635567e+20 
5.24470906087917e-05 3.77000000000000e+02 1.21326927242622e+23 4.51295316409685e+19 1.45465174773487e+20 
6.81812177914449e-05 3.77000000000000e+02 1.21291733440445e+23 5.86112740471861e+19 1.88889294315429e+20 
1.80634066299999e-04 3.77000000000000e+02 1.21042503655187e+23 1.54117004759394e+20 4.96337403408022e+20 
2.93086914808554e-04 3.77000000000000e+02 1.20797395950162e+23 2.48049763917852e+20 7.98687295140551e+20 
4.05539763317108e-04 3.77000000000000e+02 1.20556561024366e+23 3.40257928823016e+20 1.09594081692253e+21 
5.17992611825662e-04 3.77000000000000e+02 1.20320142781260e+23 4.30595101622891e+20 1.38810295753375e+21 
9.49354256446328e-04 3.77000000000000e+02 1.19456136769096e+23 7.57738142383734e+20 2.46182890034145e+21 
1.38071590106699e-03 3.77000000000000e+02 1.18664017567722e+23 1.04990920084182e+21 3.46172518617272e+21 
1.81207754568766e-03 3.77000000000000e+02 1.17946448634326e+23 1.30372061954037e+21 4.38924021556719e+21 
2.24343919030833e-03 3.77000000000000e+02 1.17303351131668e+23 1.51824891703069e+21 5.24637862590295e+21 
2.67480083492899e-03 3.77000000000000e+02 1.16732440818034e+23 1.69454073371213e+21 6.03561561980797e+21 
3.38252662963556e-03 3.77000000000000e+02 1.15938772888034e+23 1.90952637890796e+21 7.19298018941604e+21 
3.94695623134797e-03 3.77000000000000e+02 1.15423126608564e+23 2.02184870690628e+21 7.99962809236075e+21 
4.51138583306037e-03 3.77000000000000e+02 1.14997234346592e+23 2.09164914368055e+21 8.71181174275627e+21 
5.07581543477278e-03 3.77000000000000e+02 1.14648198086608e+23 2.12779148188070e+21 9.33759958632421e+21 
5.64024503648518e-03 3.77000000000000e+02 1.14363816043224e+23 2.13844259521920e+21 9.88506144641599e+21 
6.59032128857045e-03 3.77000000000000e+02 1.14002632627184e+23 2.11703430398967e+21 1.06502448609542e+22 
7.54039754065572e-03 3.77000000000000e+02 1.13750293691085e+23 2.06930855895536e+21 1.12503742232209e+22 
8.49047379274099e-03 3.77000000000000e+02 1.13572790739145e+23 2.01303535579617e+21 1.17179265334176e+22 
9.44055004482625e-03 3.77000000000000e+02 1.13446818444232e+23 1.95775856970807e+21 1.20804246954196e+22 
1.03906262969115e-02 3.77000000000000e+02 1.13356875414187e+23 1.90775237566989e+21 1.23603231435852e+22 
1.14922514680414e-02 3.77000000000000e+02 1.13283995744720e+23 1.85842682964107e+21 1.26047335745761e+22 
1.25938766391712e-02 3.77000000000000e+02 1.13233740792565e+23 1.81889307248550e+21 1.27843109931970e+22 
1.36955018103010e-02 3.77000000000000e+02 1.13198652703598e+23 1.78816744965629e+21 1.29159384167903e+22 
1.47971269814308e-02 3.77000000000000e+02 1.13173986121186e+23 1.76470200759961e+21 1.30122024657260e+22 
1.58987521525607e-02 3.77000000000000e+02 1.13156571783311e+23 1.74698840587244e+21 1.30824583449311e+22 
1.82197080515791e-02 3.77000000000000e+02 1.13134589105887e+23 1.72365273014017e+21 1.31730950512428e+22 
2.05406639505975e-02 3.77000000000000e+02 1.13121784025065e+23 1.71201664797092e+21 1.32219773772217e+22 
2.28616198496160e-02 3.77000000000000e+02 1.13113903358000e+23 1.70594162098788e+21 1.32498887653123e+22 
2.51825757486344e-02 3.77000000000000e+02 1.13110858394064e+23 1.70177404755433e+21 1.32643138400486e+22 
2.75035316476528e-02 3.77000000000000e+02 1.13111218155264e+23 1.69892715777303e+21 1.32692880972107e+22 
3.21300253628935e-02 3.77000000000000e+02 1.13111782227284e+23 1.69712553079799e+21 1.32717632071194e+22 
3.67565190781341e-02 3.77000000000000e+02 1.13112206571335e+23 1.69731164559228e+21 1.32705422894287e+22 
4.13830127933748e-02 3.77000000000000e+02 1.13112253340635e+23 1.69764038434829e+21 1.32697912733155e+22 
4.60095065086154e-02 3.77000000000000e+02 1.13112198164573e+23 1.69773120145626e+21 1.32697199912229e+22 
6.29497442415846e-02 3.77000000000000e+02 1.13112156191725e+23 1.69768589491949e+21 1.32698945499921e+22 
7.98899819745538e-02 3.77000000000000e+02 1.13112150733537e+23 1.69766841094592e+21 1.32699404343163e+22 
9.68302197075229e-02 3.77000000000000e+02 1.13112150456355e+23 1.69766628956308e+21 1.32699452314460e+22 
2.66232597037215e-01 3.77000000000000e+02 1.13112150577794e+23 1.69766636640920e+21 1.32699448348755e+22 
4.35634974366906e-01 3.77000000000000e+02 1.13112150600859e+23 1.69766643411835e+21 1.32699446533267e+22 
6.05037351696598e-01 3.77000000000000e+02 1.13112150601237e+23 1.69766643541982e+21 1.32699446499675e+22 
2.29906112499351e+00 3.77000000000000e+02 1.13112150601109e+23 1.69766643523903e+21 1.32699446505851e+22 
3.99308489829043e+00 3.77000000000000e+02 1.13112150601106e+23 1.69766643523433e+21 1.32699446505993e+22 
5.68710867158735e+00 3.77000000000000e+02 1.13112150601106e+23 1.69766643523435e+21 1.32699446505989e+22 
2.26273464045565e+01 3.77000000000000e+02 1.13112150601106e+23 1.69766643523435e+21 1.32699446505989e+22 
3.95675841375257e+01 3.77000000000000e+02 1.13112150601106e+23 1.69766643523435e+21 1.32699446505989e+22 
5.65078218704948e+01 3.77000000000000e+02 1.13112150601105e+23 1.69766643523435e+21 1.32699446505989e+22 
1.56507821870495e+02 3.77000000000000e+02 1.13112150601116e+23 1.69766643523434e+21 1.32699446505996e+22 
2.56507821870495e+02 3.77000000000000e+02 1.13112150601139e+23 1.69766643523432e+21 1.32699446506011e+22 
3.56507821870495e+02 3.77000000000000e+02 1.13112150601174e+23 1.69766643523429e+21 1.32699446506034e+22 
4.56507821870495e+02 3.77000000000000e+02 1.13112150601192e+23 1.69766643523428e+21 1.32699446506046e+22 
5.56507821870495e+02 3.77000000000000e+02 1.13112150601230e+23 1.69766643523424e+21 1.32699446506070e+22 
6.56507821870495e+02 3.77000000000000e+02 1.13112150601210e+23 1.69766643523426e+21 1.32699446506057e+22 
7.56507821870495e+02 3.77000000000000e+02 1.13112150601202e+23 1.69766643523427e+21 1.32699446506052e+22 
8.56507821870495e+02 3.77000000000000e+02 1.13112150601190e+23 1.69766643523428e+21 1.32699446506044e+22 
9.56507821870495e+02 3.77000000000000e+02 1.13112150601161e+23 1.69766643523430e+21 1.32699446506025e+22 
1.00000000000000e+03 3.77000000000000e+02 1.13112150601163e+23 1.69766643523430e+21 1.32699446506026e+22 
