Time(s)              GasTemp(K)           [O2(X)](m^-3)        [O2(a)](m^-3)        [O(3P)](m^-3)       
0.00000000000000e+00 3.77000000000000e+02 1.25816106332891e+23 0.00000000000000e+00 0.00000000000000e+00 
1.99798851957887e-16 3.77000000000000e+02 1.25816106332890e+23 3.39733874763483e+08 2.68595590299724e+08 
3.99597703915775e-16 3.77000000000000e+02 1.25816106332890e+23 6.79467749526960e+08 5.37191180599433e+08 
5.99396555873662e-16 3.77000000000000e+02 1.25816106332889e+23 1.01920162429043e+09 8.05786770899127e+08 
2.59738507545254e-15 3.77000000000000e+02 1.25816106332884e+23 4.41654037192473e+09 3.49174267389474e+09 
4.59537359503141e-15 3.77000000000000e+02 1.25816106332880e+23 7.81387911955853e+09 6.17769857688883e+09 
6.59336211461028e-15 3.77000000000000e+02 1.25816106332875e+23 1.12112178671918e+10 8.86365447988140e+09 
2.65732473103990e-14 3.77000000000000e+02 1.25816106332827e+23 4.51846053434816e+10 3.57232135096743e+10 
4.65531325061878e-14 3.77000000000000e+02 1.25816106332780e+23 7.91579928197222e+10 6.25827725393162e+10 
6.65330177019765e-14 3.77000000000000e+02 1.25816106332733e+23 1.13131380295913e+11 8.94423315688043e+10 
2.66331869659864e-13 3.77000000000000e+02 1.25816106332259e+23 4.52865255053495e+11 3.58037921850417e+11 
4.66130721617751e-13 3.77000000000000e+02 1.25816106331785e+23 7.92599129806158e+11 6.26633512116929e+11 
6.65929573575639e-13 3.77000000000000e+02 1.25816106331311e+23 1.13233300455381e+12 8.95229102368056e+11 
2.66391809315451e-12 3.77000000000000e+02 1.25816106326570e+23 4.52967175159807e+12 3.58118500355248e+12 
4.66190661273339e-12 3.77000000000000e+02 1.25816106321830e+23 7.92701049815041e+12 6.26714090322693e+12 
6.65989513231226e-12 3.77000000000000e+02 1.25816106317090e+23 1.13243492442015e+13 8.95309680136283e+12 
2.66397803281010e-11 3.77000000000000e+02 1.25816106269686e+23 4.52977366614875e+13 3.58126556500372e+13 
4.66196655238897e-11 3.77000000000000e+02 1.25816106222283e+23 7.92711240295823e+13 6.26722143477144e+13 
6.65995507196785e-11 3.77000000000000e+02 1.25816106174880e+23 1.13244511347555e+14 8.95317728915357e+13 
2.66398402677566e-10 3.77000000000000e+02 1.25816105700849e+23 4.52978380204748e+14 3.58127345061290e+14 
4.66197254635453e-10 3.77000000000000e+02 1.25816105226817e+23 7.92712244142834e+14 6.26722902131337e+14 
6.65996106593341e-10 3.77000000000000e+02 1.25816104752785e+23 1.13244610306867e+15 8.95318443815786e+14 
2.66398462617221e-09 3.77000000000000e+02 1.25816100012470e+23 4.52978426007309e+15 3.58127253381526e+15 
4.66197314575109e-09 3.77000000000000e+02 1.25816095272156e+23 7.92712192516465e+15 6.26722511384476e+15 
6.65996166532996e-09 3.77000000000000e+02 1.25816090531843e+23 1.13244590890284e+16 8.95317615531665e+15 
2.66398468611187e-08 3.77000000000000e+02 1.25816043128826e+23 4.52977875014076e+16 3.58125538863431e+16 
4.66197320569074e-08 3.77000000000000e+02 1.25815995725934e+23 7.92710667204136e+16 6.26717806212210e+16 
6.65996172526962e-08 3.77000000000000e+02 1.25815948323168e+23 1.13244295813345e+17 8.95308535025396e+16 
2.66398469210584e-07 3.77000000000000e+02 1.25815474306470e+23 4.52972263256918e+17 3.58108314754988e+17 
4.66197321168471e-07 3.77000000000000e+02 1.25815000302243e+23 7.92695309276805e+17 6.26670677241152e+17 
6.65996173126358e-07 3.77000000000000e+02 1.25814526310723e+23 1.13241333939776e+18 8.95217656572437e+17 
2.66398469270523e-06 3.77000000000000e+02 1.25809787491707e+23 4.52916043290539e+18 3.57936150223194e+18 
4.66197321228411e-06 3.77000000000000e+02 1.25805049921431e+23 7.92541329971756e+18 6.26199631922843e+18 
6.65996173186298e-06 3.77000000000000e+02 1.25800313624089e+23 1.13211612916811e+19 8.94309502076336e+18 
2.45845954085850e-05 3.77000000000000e+02 1.25757877915931e+23 4.17634170531590e+19 3.29299998124588e+19 
4.25092290853070e-05 3.77000000000000e+02 1.25715544664535e+23 7.21642330974396e+19 5.67948705159607e+19 
6.04338627620291e-05 3.77000000000000e+02 1.25673315296774e+23 1.02522366458893e+20 8.05373393149651e+19 
7.83584964387511e-05 3.77000000000000e+02 1.25631190747523e+23 1.32836742950408e+20 1.04157684835091e+20 
2.13586527205326e-04 3.77000000000000e+02 1.25316875410726e+23 3.59973584326689e+20 2.78514675675729e+20 
3.48814557971900e-04 3.77000000000000e+02 1.25008825566005e+23 5.84170321663305e+20 4.46220890445478e+20 
4.84042588738474e-04 3.77000000000000e+02 1.24707254673508e+23 8.05096833772938e+20 6.07509651219354e+20 
6.19270619505049e-04 3.77000000000000e+02 1.24412355538168e+23 1.02244211391372e+21 7.62617361618179e+20 
1.08486131611189e-03 3.77000000000000e+02 1.23449708611191e+23 1.74021027444494e+21 1.25237489450831e+21 
1.55045201271873e-03 3.77000000000000e+02 1.22571638191951e+23 2.40439285847171e+21 1.68015056493486e+21 
2.01604270932557e-03 3.77000000000000e+02 1.21779047853520e+23 3.01018930711942e+21 2.05373834450316e+21 
2.48163340593240e-03 3.77000000000000e+02 1.21069979219530e+23 3.55624216734068e+21 2.37976989204068e+21 
2.94722410253924e-03 3.77000000000000e+02 1.20440495458570e+23 4.04350531145641e+21 2.66421112572921e+21 
3.74237312363390e-03 3.77000000000000e+02 1.19533772334415e+23 4.74826521843955e+21 3.06813756007188e+21 
4.53752214472855e-03 3.77000000000000e+02 1.18814716477025e+23 5.30762174978762e+21 3.38753621215713e+21 
5.33267116582320e-03 3.77000000000000e+02 1.18253015176856e+23 5.74324942819256e+21 3.63968345568529e+21 
6.12782018691786e-03 3.77000000000000e+02 1.17819684252688e+23 6.07734435516154e+21 3.83815545008318e+21 
6.92296920801251e-03 3.77000000000000e+02 1.17489004008893e+23 6.33016734998801e+21 3.99386994802044e+21 
8.23063263404393e-03 3.77000000000000e+02 1.17113850161688e+23 6.61279748908500e+21 4.17891736423583e+21 
9.53829606007536e-03 3.77000000000000e+02 1.16882812097662e+23 6.78235205621135e+21 4.30188435803590e+21 
1.08459594861068e-02 3.77000000000000e+02 1.16743517038394e+23 6.88090808957997e+21 4.38336240983728e+21 
1.21536229121382e-02 3.77000000000000e+02 1.16662459245783e+23 6.93527659038491e+21 4.43674099344893e+21 
1.34612863381696e-02 3.77000000000000e+02 1.16617890798668e+23 6.96264970103604e+21 4.47113166637837e+21 
1.52532974513624e-02 3.77000000000000e+02 1.16590768035328e+23 6.97606322696309e+21 4.49855014120519e+21 
1.70453085645552e-02 3.77000000000000e+02 1.16581482536272e+23 6.97799167140242e+21 4.51326425043920e+21 
1.88373196777479e-02 3.77000000000000e+02 1.16579597632341e+23 6.97590928474239e+21 4.52119883162273e+21 
2.06293307909407e-02 3.77000000000000e+02 1.16581426061711e+23 6.97206099526534e+21 4.52523855183821e+21 
2.24213419041335e-02 3.77000000000000e+02 1.16585038813639e+23 6.96756545665632e+21 4.52700412520075e+21 
2.60829603268773e-02 3.77000000000000e+02 1.16592459498422e+23 6.96005729585625e+21 4.52717907723580e+21 
2.97445787496210e-02 3.77000000000000e+02 1.16596031677980e+23 6.95666146117598e+21 4.52682638747595e+21 
3.34061971723648e-02 3.77000000000000e+02 1.16596710571144e+23 6.95591079246280e+21 4.52696993856682e+21 
3.70678155951085e-02 3.77000000000000e+02 1.16596786250793e+23 6.95574561743200e+21 4.52714892932473e+21 
4.07294340178523e-02 3.77000000000000e+02 1.16597087658328e+23 6.95545819619020e+21 4.52712095673723e+21 
5.16926209803088e-02 3.77000000000000e+02 1.16597460401598e+23 6.95513906076713e+21 4.52701374104073e+21 
6.26558079427653e-02 3.77000000000000e+02 1.16597495601104e+23 6.95513941296321e+21 4.52694263763975e+21 
7.36189949052218e-02 3.77000000000000e+02 1.16597439645567e+23 6.95519200225969e+21 4.52694937012008e+21 
8.45821818676783e-02 3.77000000000000e+02 1.16597423446051e+23 6.95520171372902e+21 4.52696234621363e+21 
1.94214051492243e-01 3.77000000000000e+02 1.16597433670859e+23 6.95519117211494e+21 4.52696297982454e+21 
3.03845921116808e-01 3.77000000000000e+02 1.16597434525904e+23 6.95519062183390e+21 4.52696237029713e+21 
4.13477790741373e-01 3.77000000000000e+02 1.16597434474682e+23 6.95519068191183e+21 4.52696235258638e+21 
1.50979648698702e+00 3.77000000000000e+02 1.16597434468159e+23 6.95519068708098e+21 4.52696235529406e+21 
2.60611518323267e+00 3.77000000000000e+02 1.16597434468595e+23 6.95519068662101e+21 4.52696235534216e+21 
3.70243387947832e+00 3.77000000000000e+02 1.16597434468604e+23 6.95519068661295e+21 4.52696235534020e+21 
1.46656208419348e+01 3.77000000000000e+02 1.16597434468603e+23 6.95519068661311e+21 4.52696235534016e+21 
2.56288078043913e+01 3.77000000000000e+02 1.16597434468606e+23 6.95519068661308e+21 4.52696235534024e+21 
3.65919947668478e+01 3.77000000000000e+02 1.16597434468606e+23 6.95519068661308e+21 4.52696235534024e+21 
6.65919947668478e+01 3.77000000000000e+02 1.16597434468608e+23 6.95519068661306e+21 4.52696235534029e+21 
7.55919947668478e+01 3.77000000000000e+02 1.16597434468607e+23 6.95519068661307e+21 4.52696235534026e+21 
8.45919947668478e+01 3.77000000000000e+02 1.16597434468604e+23 6.95519068661310e+21 4.52696235534021e+21 
9.35919947668478e+01 3.77000000000000e+02 1.16597434468602e+23 6.95519068661313e+21 4.52696235534014e+21 
1.83591994766848e+02 3.77000000000000e+02 1.16597434468600e+23 6.95519068661314e+21 4.52696235534010e+21 
2.73591994766848e+02 3.77000000000000e+02 1.16597434468610e+23 6.95519068661303e+21 4.52696235534037e+21 
3.63591994766848e+02 3.77000000000000e+02 1.16597434468592e+23 6.95519068661324e+21 4.52696235533987e+21 
3.93591994766848e+02 3.77000000000000e+02 1.16597434468589e+23 6.95519068661327e+21 4.52696235533980e+21 
4.23591994766848e+02 3.77000000000000e+02 1.16597434468592e+23 6.95519068661324e+21 4.52696235533988e+21 
4.53591994766848e+02 3.77000000000000e+02 1.16597434468591e+23 6.95519068661325e+21 4.52696235533985e+21 
5.53591994766848e+02 3.77000000000000e+02 1.16597434468584e+23 6.95519068661333e+21 4.52696235533968e+21 
6.53591994766848e+02 3.77000000000000e+02 1.16597434468598e+23 6.95519068661318e+21 4.52696235534003e+21 
7.53591994766848e+02 3.77000000000000e+02 1.16597434468610e+23 6.95519068661304e+21 4.52696235534034e+21 
8.53591994766848e+02 3.77000000000000e+02 1.16597434468604e+23 6.95519068661310e+21 4.52696235534020e+21 
9.53591994766848e+02 3.77000000000000e+02 1.16597434468615e+23 6.95519068661298e+21 4.52696235534048e+21 
1.00000000000000e+03 3.77000000000000e+02 1.16597434468614e+23 6.95519068661298e+21 4.52696235534047e+21 
