Time(s)              GasTemp(K)           [O2(X)](m^-3)        [O2(a)](m^-3)        [O(3P)](m^-3)       
0.00000000000000e+00 3.77000000000000e+02 2.41114743847646e+23 0.00000000000000e+00 0.00000000000000e+00 
6.74418224913519e-17 3.77000000000000e+02 2.41114743847645e+23 1.68311083920490e+08 6.35170320431291e+08 
1.34883644982704e-16 3.77000000000000e+02 2.41114743847645e+23 3.36622167840977e+08 1.27034064086257e+09 
2.02325467474056e-16 3.77000000000000e+02 2.41114743847644e+23 5.04933251761463e+08 1.90551096129385e+09 
8.76743692387574e-16 3.77000000000000e+02 2.41114743847639e+23 2.18804409096616e+09 8.25721416560604e+09 
1.55116191730109e-15 3.77000000000000e+02 2.41114743847634e+23 3.87115493017066e+09 1.46089173699176e+10 
2.22558014221461e-15 3.77000000000000e+02 2.41114743847630e+23 5.55426576937497e+09 2.09606205742284e+10 
8.96976239134980e-15 3.77000000000000e+02 2.41114743847581e+23 2.23853741614014e+10 8.44776526172785e+10 
1.57139446404850e-14 3.77000000000000e+02 2.41114743847532e+23 3.92164825534089e+10 1.47994684660262e+11 
2.24581268896202e-14 3.77000000000000e+02 2.41114743847484e+23 5.60475909453971e+10 2.11511716703178e+11 
8.98999493809720e-14 3.77000000000000e+02 2.41114743846998e+23 2.24358674863614e+11 8.46682037126497e+11 
1.57341771872324e-13 3.77000000000000e+02 2.41114743846512e+23 3.92669758779935e+11 1.48185235754317e+12 
2.24783594363676e-13 3.77000000000000e+02 2.41114743846026e+23 5.60980842694326e+11 2.11702267795307e+12 
8.99201819277194e-13 3.77000000000000e+02 2.41114743841167e+23 2.24409168167171e+12 8.46872588146813e+12 
1.57362004419071e-12 3.77000000000000e+02 2.41114743836308e+23 3.92720252045960e+12 1.48204290843186e+13 
2.24803826910423e-12 3.77000000000000e+02 2.41114743831449e+23 5.61031335905441e+12 2.11721322864920e+13 
8.99222051823942e-12 3.77000000000000e+02 2.41114743782860e+23 2.24414217283506e+13 8.46891642498290e+13 
1.57364027673746e-11 3.77000000000000e+02 2.41114743734270e+23 3.92725300786969e+13 1.48206196146710e+14 
2.24805850165098e-11 3.77000000000000e+02 2.41114743685680e+23 5.61036384097344e+13 2.11723227975877e+14 
8.99224075078616e-11 3.77000000000000e+02 2.41114743199784e+23 2.24414720054930e+14 8.46893540427896e+14 
1.57364229999213e-10 3.77000000000000e+02 2.41114742713888e+23 3.92725799805127e+14 1.48206384623431e+15 
2.24806052490565e-10 3.77000000000000e+02 2.41114742227992e+23 5.61036877624444e+14 2.11723414526929e+15 
8.99224277404084e-10 3.77000000000000e+02 2.41114737369030e+23 2.24414748929933e+15 8.46893655165424e+15 
1.57364250231760e-09 3.77000000000000e+02 2.41114732510069e+23 3.92725791147330e+15 1.48206382934782e+16 
2.24806072723112e-09 3.77000000000000e+02 2.41114727651108e+23 5.61036814055782e+15 2.11723393581583e+16 
8.99224297636631e-09 3.77000000000000e+02 2.41114679061546e+23 2.24414537791688e+16 8.46892916083743e+16 
1.57364252255015e-08 3.77000000000000e+02 2.41114630472037e+23 3.92725204667168e+16 1.48206177402172e+17 
2.24806074746367e-08 3.77000000000000e+02 2.41114581882580e+23 5.61035678437829e+16 2.11722995481150e+17 
8.99224299659885e-08 3.77000000000000e+02 2.41114095992601e+23 2.24412375985806e+17 8.46885336509711e+17 
1.57364252457340e-07 3.77000000000000e+02 2.41113610107842e+23 3.92719288050820e+17 1.48204103158854e+18 
2.24806074948692e-07 3.77000000000000e+02 2.41113124228401e+23 5.61024267531614e+17 2.11718995474216e+18 
8.99224299862211e-07 3.77000000000000e+02 2.41108265892998e+23 2.24390709438633e+18 8.46809510747039e+18 
1.57364252477573e-06 3.77000000000000e+02 2.41103408080624e+23 3.92659934316447e+18 1.48183353574346e+19 
2.24806074968925e-06 3.77000000000000e+02 2.41098550801861e+23 5.60909679859381e+18 2.11678979719041e+19 
8.99224299882443e-06 3.77000000000000e+02 2.41050006715920e+23 2.24234666239745e+19 8.46273302038052e+19 
1.57364252479596e-05 3.77000000000000e+02 2.41001516472224e+23 3.92177668518532e+19 1.48019217139517e+20 
2.24806074970948e-05 3.77000000000000e+02 2.40953081138621e+23 5.59912545581257e+19 2.11342908933372e+20 
2.92247897462300e-05 3.77000000000000e+02 2.40904701573468e+23 7.27432475019093e+19 2.74598053350556e+20 
7.76514822192392e-05 3.77000000000000e+02 2.40559052718694e+23 1.92310374761654e+20 7.26761508379720e+20 
1.26078174692248e-04 3.77000000000000e+02 2.40216588952763e+23 3.10500170261642e+20 1.17530944924239e+21 
1.74504867165258e-04 3.77000000000000e+02 2.39877550097857e+23 4.27104423042815e+20 1.62017865349105e+21 
2.22931559638267e-04 3.77000000000000e+02 2.39542175507144e+23 5.41915673548595e+20 2.06130533390619e+21 
5.42435654516340e-04 3.77000000000000e+02 2.37434778599788e+23 1.24292432764369e+21 4.87408184042876e+21 
8.61939749394413e-04 3.77000000000000e+02 2.35543484149594e+23 1.81768491593442e+21 7.50714956423410e+21 
1.18144384427249e-03 3.77000000000000e+02 2.33894071234256e+23 2.24556166251492e+21 9.95022190174979e+21 
1.50094793915056e-03 3.77000000000000e+02 2.32487617452783e+23 2.52811952445405e+21 1.21980137408167e+22 
1.82045203402863e-03 3.77000000000000e+02 2.31306502652829e+23 2.68324103276491e+21 1.42500003241027e+22 
2.13995612890670e-03 3.77000000000000e+02 2.30322554040480e+23 2.73726584354916e+21 1.61098479272323e+22 
2.49759613652057e-03 3.77000000000000e+02 2.29416022137723e+23 2.71229629756861e+21 1.79728508247079e+22 
2.85523614413443e-03 3.77000000000000e+02 2.28674902707064e+23 2.63086105631075e+21 1.96179601685425e+22 
3.21287615174829e-03 3.77000000000000e+02 2.28062982678261e+23 2.52087746363185e+21 2.10617674115058e+22 
3.57051615936216e-03 3.77000000000000e+02 2.27551608841877e+23 2.40192479316853e+21 2.23224204251998e+22 
3.92815616697602e-03 3.77000000000000e+02 2.27119330925174e+23 2.28617825429033e+21 2.34184693363624e+22 
4.40494816604197e-03 3.77000000000000e+02 2.26639602061500e+23 2.14770911647107e+21 2.46548653393484e+22 
4.88174016510792e-03 3.77000000000000e+02 2.26247422210159e+23 2.03176150901038e+21 2.56711202569526e+22 
5.35853216417388e-03 3.77000000000000e+02 2.25924159388947e+23 1.93910256086401e+21 2.65029637956684e+22 
5.83532416323983e-03 3.77000000000000e+02 2.25657080980033e+23 1.86684347428734e+21 2.71816387866501e+22 
6.31211616230578e-03 3.77000000000000e+02 2.25437009834218e+23 1.81072020540205e+21 2.77340276160508e+22 
6.78890816137173e-03 3.77000000000000e+02 2.25256200439512e+23 1.76714341081791e+21 2.81827999946324e+22 
7.62553928256464e-03 3.77000000000000e+02 2.25014583036429e+23 1.71391601505834e+21 2.87724895923163e+22 
8.46217040375755e-03 3.77000000000000e+02 2.24845107467197e+23 1.68005422476813e+21 2.91791643113589e+22 
9.29880152495046e-03 3.77000000000000e+02 2.24726810394378e+23 1.65779614679616e+21 2.94602746129341e+22 
1.01354326461434e-02 3.77000000000000e+02 2.24644686103360e+23 1.64279284114403e+21 2.96545298062707e+22 
1.09720637673363e-02 3.77000000000000e+02 2.24587930166640e+23 1.63262457633567e+21 2.97883782093235e+22 
1.21656862898393e-02 3.77000000000000e+02 2.24536729069615e+23 1.62366050111272e+21 2.99087085538177e+22 
1.33593088123423e-02 3.77000000000000e+02 2.24506586643262e+23 1.61848389726418e+21 2.99793466142191e+22 
1.45529313348453e-02 3.77000000000000e+02 2.24488523710962e+23 1.61551137779395e+21 3.00214175177565e+22 
1.57465538573484e-02 3.77000000000000e+02 2.24477758486072e+23 1.61375237735462e+21 3.00464659684124e+22 
1.69401763798514e-02 3.77000000000000e+02 2.24471465800029e+23 1.61267960574599e+21 3.00611968837109e+22 
1.93625240048364e-02 3.77000000000000e+02 2.24464889137304e+23 1.61153022480520e+21 3.00766489710396e+22 
2.17848716298214e-02 3.77000000000000e+02 2.24463072599670e+23 1.61120733079952e+21 3.00809278343182e+22 
2.42072192548064e-02 3.77000000000000e+02 2.24462761900653e+23 1.61110141257412e+21 3.00817610688077e+22 
2.66295668797915e-02 3.77000000000000e+02 2.24462719530151e+23 1.61110794218429e+21 3.00818327505941e+22 
3.91967717684531e-02 3.77000000000000e+02 2.24462668439870e+23 1.61113547465273e+21 3.00818798662224e+22 
5.17639766571148e-02 3.77000000000000e+02 2.24462668732590e+23 1.61113618128430e+21 3.00818778675200e+22 
6.43311815457765e-02 3.77000000000000e+02 2.24462667887905e+23 1.61113712694901e+21 3.00818776655601e+22 
1.90003230432393e-01 3.77000000000000e+02 2.24462667807535e+23 1.61113721830963e+21 3.00818776435782e+22 
3.15675279319010e-01 3.77000000000000e+02 2.24462667855668e+23 1.61113717107096e+21 3.00818776417905e+22 
4.41347328205627e-01 3.77000000000000e+02 2.24462667845059e+23 1.61113718122209e+21 3.00818776427053e+22 
1.69806781707179e+00 3.77000000000000e+02 2.24462667847882e+23 1.61113717859818e+21 3.00818776423052e+22 
2.95478830593796e+00 3.77000000000000e+02 2.24462667848126e+23 1.61113717838937e+21 3.00818776422356e+22 
4.21150879480413e+00 3.77000000000000e+02 2.24462667848263e+23 1.61113717826597e+21 3.00818776422074e+22 
1.67787136834658e+01 3.77000000000000e+02 2.24462667848273e+23 1.61113717825785e+21 3.00818776422040e+22 
2.93459185721275e+01 3.77000000000000e+02 2.24462667848279e+23 1.61113717826219e+21 3.00818776422062e+22 
4.19131234607892e+01 3.77000000000000e+02 2.24462667848278e+23 1.61113717826131e+21 3.00818776422056e+22 
1.41913123460789e+02 3.77000000000000e+02 2.24462667848339e+23 1.61113717826149e+21 3.00818776422086e+22 
2.41913123460789e+02 3.77000000000000e+02 2.24462667848328e+23 1.61113717826155e+21 3.00818776422077e+22 
3.41913123460789e+02 3.77000000000000e+02 2.24462667848367e+23 1.61113717826139e+21 3.00818776422105e+22 
4.41913123460789e+02 3.77000000000000e+02 2.24462667848336e+23 1.61113717826157e+21 3.00818776422081e+22 
5.41913123460789e+02 3.77000000000000e+02 2.24462667848347e+23 1.61113717826141e+21 3.00818776422095e+22 
6.41913123460789e+02 3.77000000000000e+02 2.24462667848270e+23 1.61113717826167e+21 3.00818776422048e+22 
7.41913123460789e+02 3.77000000000000e+02 2.24462667848253e+23 1.61113717826152e+21 3.00818776422051e+22 
8.41913123460789e+02 3.77000000000000e+02 2.24462667848217e+23 1.61113717826169e+21 3.00818776422028e+22 
9.41913123460789e+02 3.77000000000000e+02 2.24462667848211e+23 1.61113717826161e+21 3.00818776422029e+22 
1.00000000000000e+03 3.77000000000000e+02 2.24462667848231e+23 1.61113717826163e+21 3.00818776422036e+22 
