Time(s)              GasTemp(K)           [O2(X)](m^-3)        [O2(a)](m^-3)        [O(3P)](m^-3)       
0.00000000000000e+00 3.77000000000000e+02 2.43994688290220e+23 0.00000000000000e+00 0.00000000000000e+00 
3.95598413889341e-17 3.77000000000000e+02 2.43994688290219e+23 1.06806603996841e+08 6.90710826479171e+08 
7.91196827778683e-17 3.77000000000000e+02 2.43994688290219e+23 2.13613207993682e+08 1.38142165295833e+09 
1.18679524166802e-16 3.77000000000000e+02 2.43994688290218e+23 3.20419811990522e+08 2.07213247943747e+09 
5.14277938056144e-16 3.77000000000000e+02 2.43994688290214e+23 1.38848585195887e+09 8.97924074422778e+09 
9.09876351945485e-16 3.77000000000000e+02 2.43994688290209e+23 2.45655189192716e+09 1.58863490090168e+10 
1.30547476583483e-15 3.77000000000000e+02 2.43994688290205e+23 3.52461793189539e+09 2.27934572738045e+10 
5.26145890472824e-15 3.77000000000000e+02 2.43994688290159e+23 1.42052783315724e+10 9.18645399215671e+10 
9.21744304362165e-15 3.77000000000000e+02 2.43994688290114e+23 2.48859387312434e+10 1.60935622569200e+11 
1.31734271825151e-14 3.77000000000000e+02 2.43994688290069e+23 3.55665991309083e+10 2.30006705216700e+11 
5.27332685714492e-14 3.77000000000000e+02 2.43994688289617e+23 1.42373203127031e+11 9.20717531680284e+11 
9.22931099603833e-14 3.77000000000000e+02 2.43994688289165e+23 2.49179807122553e+11 1.61142835813087e+12 
1.31852951349317e-13 3.77000000000000e+02 2.43994688288713e+23 3.55986411117465e+11 2.30213918456822e+12 
5.27451365238659e-13 3.77000000000000e+02 2.43994688284191e+23 1.42405245101390e+12 9.20924744779982e+12 
9.23049779128000e-13 3.77000000000000e+02 2.43994688279669e+23 2.49211849085039e+12 1.61163557097319e+13 
1.31864819301734e-12 3.77000000000000e+02 2.43994688275148e+23 3.56018453062579e+12 2.30234639703400e+13 
5.27463233191075e-12 3.77000000000000e+02 2.43994688229931e+23 1.42408449231117e+13 9.20945464622321e+13 
9.23061647080417e-12 3.77000000000000e+02 2.43994688184715e+23 2.49215053096023e+13 1.61165628824176e+14 
1.31866006096976e-11 3.77000000000000e+02 2.43994688139499e+23 3.56021656899843e+13 2.30236711053712e+14 
5.27464419986317e-11 3.77000000000000e+02 2.43994687687337e+23 1.42408768966992e+14 9.20947521930248e+14 
9.23062833875658e-11 3.77000000000000e+02 2.43994687235175e+23 2.49215371644480e+14 1.61165831981199e+15 
1.31866124776500e-10 3.77000000000000e+02 2.43994686783013e+23 3.56021973711096e+14 2.30236910445290e+15 
5.27464538665841e-10 3.77000000000000e+02 2.43994682261394e+23 1.42408794169600e+15 9.20947580897972e+15 
9.23062952555183e-10 3.77000000000000e+02 2.43994677739775e+23 2.49215384972873e+15 1.61165812140270e+16 
1.31866136644452e-09 3.77000000000000e+02 2.43994673218157e+23 3.56021969667404e+15 2.30236852949907e+16 
5.27464550533794e-09 3.77000000000000e+02 2.43994628002041e+23 1.42408728979243e+16 9.20946119163852e+16 
9.23062964423135e-09 3.77000000000000e+02 2.43994582785995e+23 2.49215201037720e+16 1.61165408589506e+17 
1.31866137831248e-08 3.77000000000000e+02 2.43994537570022e+23 3.56021612005859e+16 2.30236072854008e+17 
5.27464551720589e-08 3.77000000000000e+02 2.43994085416526e+23 1.42408045271404e+17 9.20931296660177e+17 
9.23062965609930e-08 3.77000000000000e+02 2.43993633270127e+23 2.49213329617845e+17 1.61161352534347e+18 
1.31866137949927e-07 3.77000000000000e+02 2.43993181130960e+23 3.56018002768167e+17 2.30228251289713e+18 
5.27464551839268e-07 3.77000000000000e+02 2.43988660363007e+23 1.42401196753162e+18 9.20783048994928e+18 
9.23062965728610e-07 3.77000000000000e+02 2.43984140305114e+23 2.49194577580175e+18 1.61120786593767e+19 
1.31866137961795e-06 3.77000000000000e+02 2.43979620970823e+23 3.55981817191745e+18 2.30150024491228e+19 
5.27464551851136e-06 3.77000000000000e+02 2.43934466271061e+23 1.42352259958507e+19 9.19735863249380e+19 
9.23062965740478e-06 3.77000000000000e+02 2.43889383680366e+23 2.49043952521649e+19 1.60800429202540e+20 
1.31866137962982e-05 3.77000000000000e+02 2.43844373875528e+23 3.55671672453950e+19 2.29494494892404e+20 
1.71425979351916e-05 3.77000000000000e+02 2.43799437213569e+23 4.62234057554450e+19 2.98055341791269e+20 
5.67024393241257e-05 3.77000000000000e+02 2.43354158629603e+23 1.52383297148023e+20 9.76292726937838e+20 
9.62622807130599e-05 3.77000000000000e+02 2.42916388763647e+23 2.57756308987305e+20 1.64108643517121e+21 
1.35822122101994e-04 3.77000000000000e+02 2.42486270181822e+23 3.62236932158746e+20 2.29236235247673e+21 
1.75381963490928e-04 3.77000000000000e+02 2.42063935092344e+23 4.65720533663985e+20 2.93006532842343e+21 
3.52936225023472e-04 3.77000000000000e+02 2.40266426720004e+23 9.15628143771238e+20 5.62526685288938e+21 
5.30490486556016e-04 3.77000000000000e+02 2.38633209248580e+23 1.33657490479142e+21 8.04980827369564e+21 
7.08044748088560e-04 3.77000000000000e+02 2.37164917683872e+23 1.72361499545131e+21 1.02123112217930e+22 
8.85599009621104e-04 3.77000000000000e+02 2.35857143438335e+23 2.07413247257950e+21 1.21268247586107e+22 
1.06315327115365e-03 3.77000000000000e+02 2.34701722755346e+23 2.38744711120303e+21 1.38110368473424e+22 
1.34405461842240e-03 3.77000000000000e+02 2.33159435619499e+23 2.80903012508500e+21 1.60524450912725e+22 
1.62495596569115e-03 3.77000000000000e+02 2.31923775422715e+23 3.14746430112208e+21 1.78468971327651e+22 
1.90585731295991e-03 3.77000000000000e+02 2.30944607998349e+23 3.41414818891568e+21 1.92718642059104e+22 
2.18675866022866e-03 3.77000000000000e+02 2.30175853842539e+23 3.62095263376916e+21 2.03957636278234e+22 
2.46766000749741e-03 3.77000000000000e+02 2.29577405019839e+23 3.77882872151481e+21 2.12769090977332e+22 
2.74856135476617e-03 3.77000000000000e+02 2.29114563932534e+23 3.89775100543466e+21 2.19647467045027e+22 
3.39166008566976e-03 3.77000000000000e+02 2.28419725228172e+23 4.06586647396189e+21 2.30181931761728e+22 
4.03475881657335e-03 3.77000000000000e+02 2.28045498402216e+23 4.14598988238575e+21 2.36064000112366e+22 
4.67785754747695e-03 3.77000000000000e+02 2.27849749074433e+23 4.18065761221982e+21 2.39285632071312e+22 
5.32095627838054e-03 3.77000000000000e+02 2.27747946184632e+23 4.19358476199614e+21 2.41063146871811e+22 
5.96405500928413e-03 3.77000000000000e+02 2.27696751514860e+23 4.19582982030288e+21 2.42042139101103e+22 
6.60715374018772e-03 3.77000000000000e+02 2.27673636249083e+23 4.19302394656897e+21 2.42560561891320e+22 
7.43386823861681e-03 3.77000000000000e+02 2.27660353957267e+23 4.18868488622418e+21 2.42912988934529e+22 
8.26058273704589e-03 3.77000000000000e+02 2.27656345267894e+23 4.18477024387398e+21 2.43071455568998e+22 
9.08729723547497e-03 3.77000000000000e+02 2.27654705567075e+23 4.18218033375405e+21 2.43156047787777e+22 
9.91401173390405e-03 3.77000000000000e+02 2.27653602828078e+23 4.18063962764600e+21 2.43208916689885e+22 
1.07407262323331e-02 3.77000000000000e+02 2.27653572131998e+23 4.17946659977024e+21 2.43232991169008e+22 
1.28560788233843e-02 3.77000000000000e+02 2.27655485948884e+23 4.17731350635773e+21 2.43237776699548e+22 
1.49714314144355e-02 3.77000000000000e+02 2.27657064049855e+23 4.17650438626641e+21 2.43222397081986e+22 
1.70867840054866e-02 3.77000000000000e+02 2.27657511812623e+23 4.17637843791964e+21 2.43215960793588e+22 
1.92021365965378e-02 3.77000000000000e+02 2.27657464726192e+23 4.17642430517934e+21 2.43215985177020e+22 
3.34970564818032e-02 3.77000000000000e+02 2.27657377712811e+23 4.17644508490514e+21 2.43217309850139e+22 
4.77919763670686e-02 3.77000000000000e+02 2.27657376118175e+23 4.17644061095597e+21 2.43217431221823e+22 
6.20868962523340e-02 3.77000000000000e+02 2.27657377338068e+23 4.17643965634580e+21 2.43217425916180e+22 
2.05036095104988e-01 3.77000000000000e+02 2.27657377471263e+23 4.17643963173555e+21 2.43217423744479e+22 
3.47985293957642e-01 3.77000000000000e+02 2.27657377449597e+23 4.17643965064870e+21 2.43217423799532e+22 
4.90934492810295e-01 3.77000000000000e+02 2.27657377449121e+23 4.17643965097655e+21 2.43217423802497e+22 
1.92042648133683e+00 3.77000000000000e+02 2.27657377449159e+23 4.17643965094088e+21 2.43217423802459e+22 
3.34991846986337e+00 3.77000000000000e+02 2.27657377449160e+23 4.17643965094018e+21 2.43217423802455e+22 
4.77941045838991e+00 3.77000000000000e+02 2.27657377449159e+23 4.17643965094019e+21 2.43217423802455e+22 
1.90743303436553e+01 3.77000000000000e+02 2.27657377449170e+23 4.17643965094016e+21 2.43217423802460e+22 
3.33692502289207e+01 3.77000000000000e+02 2.27657377449181e+23 4.17643965094014e+21 2.43217423802466e+22 
4.76641701141860e+01 3.77000000000000e+02 2.27657377449190e+23 4.17643965094011e+21 2.43217423802471e+22 
1.47664170114186e+02 3.77000000000000e+02 2.27657377449221e+23 4.17643965094003e+21 2.43217423802486e+22 
2.47664170114186e+02 3.77000000000000e+02 2.27657377449225e+23 4.17643965094002e+21 2.43217423802489e+22 
3.47664170114186e+02 3.77000000000000e+02 2.27657377449053e+23 4.17643965094047e+21 2.43217423802401e+22 
4.47664170114186e+02 3.77000000000000e+02 2.27657377449111e+23 4.17643965094031e+21 2.43217423802430e+22 
5.47664170114186e+02 3.77000000000000e+02 2.27657377449032e+23 4.17643965094052e+21 2.43217423802390e+22 
6.47664170114186e+02 3.77000000000000e+02 2.27657377449101e+23 4.17643965094034e+21 2.43217423802425e+22 
7.47664170114186e+02 3.77000000000000e+02 2.27657377449011e+23 4.17643965094057e+21 2.43217423802379e+22 
8.47664170114186e+02 3.77000000000000e+02 2.27657377449067e+23 4.17643965094043e+21 2.43217423802408e+22 
9.47664170114186e+02 3.77000000000000e+02 2.27657377449095e+23 4.17643965094036e+21 2.43217423802422e+22 
9.63364919079930e+02 3.77000000000000e+02 2.27657377449087e+23 4.17643965094038e+21 2.43217423802418e+22 
9.79065668045674e+02 3.77000000000000e+02 2.27657377449092e+23 4.17643965094036e+21 2.43217423802421e+22 
9.94766417011419e+02 3.77000000000000e+02 2.27657377449067e+23 4.17643965094043e+21 2.43217423802408e+22 
1.00000000000000e+03 3.77000000000000e+02 2.27657377449061e+23 4.17643965094045e+21 2.43217423802404e+22 
