Time(s)              GasTemp(K)           [O2(X)](m^-3)        [O2(a)](m^-3)        [O(3P)](m^-3)       
0.00000000000000e+00 3.77000000000000e+02 1.15709652609009e+23 0.00000000000000e+00 0.00000000000000e+00 
8.49391843579444e-17 3.77000000000000e+02 1.15709652609009e+23 1.54406068767604e+08 4.11330569748312e+08 
1.69878368715889e-16 3.77000000000000e+02 1.15709652609008e+23 3.08812137535206e+08 8.22661139496620e+08 
2.54817553073833e-16 3.77000000000000e+02 1.15709652609008e+23 4.63218206302806e+08 1.23399170924492e+09 
1.10420939665328e-15 3.77000000000000e+02 1.15709652609004e+23 2.00727889397865e+09 5.34729740672748e+09 
1.95360124023272e-15 3.77000000000000e+02 1.15709652609001e+23 3.55133958165433e+09 9.46060310420952e+09 
2.80299308381216e-15 3.77000000000000e+02 1.15709652608997e+23 5.09540026932982e+09 1.35739088016910e+10 
1.12969115196066e-14 3.77000000000000e+02 1.15709652608961e+23 2.05360071460693e+10 5.47069657764601e+10 
1.97908299554010e-14 3.77000000000000e+02 1.15709652608925e+23 3.59766140227912e+10 9.58400227511770e+10 
2.82847483911955e-14 3.77000000000000e+02 1.15709652608889e+23 5.14172208994953e+10 1.36973079725841e+11 
1.13223932749140e-13 3.77000000000000e+02 1.15709652608529e+23 2.05823289664991e+11 5.48303649467884e+11 
1.98163117107084e-13 3.77000000000000e+02 1.15709652608169e+23 3.60229358428730e+11 9.59634219204701e+11 
2.83102301465029e-13 3.77000000000000e+02 1.15709652607809e+23 5.14635427190679e+11 1.37096478893619e+12 
1.13249414504447e-12 3.77000000000000e+02 1.15709652604208e+23 2.05869611465575e+12 5.48427048579185e+12 
1.98188598862392e-12 3.77000000000000e+02 1.15709652600608e+23 3.60275680194511e+12 9.59757618212487e+12 
2.83127783220336e-12 3.77000000000000e+02 1.15709652597007e+23 5.14681748905542e+12 1.37108818779254e+13 
1.13251962679978e-11 3.77000000000000e+02 1.15709652561000e+23 2.05874243447177e+13 5.48439387900046e+13 
1.98191147037922e-11 3.77000000000000e+02 1.15709652524993e+23 3.60280311828079e+13 9.59769956498198e+13 
2.83130331395867e-11 3.77000000000000e+02 1.15709652488985e+23 5.14686380029936e+13 1.37110052456381e+14 
1.13252217497531e-10 3.77000000000000e+02 1.15709652128914e+23 2.05874704660763e+14 5.48440615929436e+14 
1.98191401855475e-10 3.77000000000000e+02 1.15709651768843e+23 3.60280769561338e+14 9.59771174176085e+14 
2.83130586213420e-10 3.77000000000000e+02 1.15709651408771e+23 5.14686832671448e+14 1.37110172709737e+15 
1.13252242979286e-09 3.77000000000000e+02 1.15709647808058e+23 2.05874730936371e+15 5.48440679705415e+15 
1.98191427337231e-09 3.77000000000000e+02 1.15709644207346e+23 3.60280761033615e+15 9.59771134437047e+15 
2.83130611695175e-09 3.77000000000000e+02 1.15709640606634e+23 5.14686773226156e+15 1.37110153591509e+16 
1.13252245527462e-08 3.77000000000000e+02 1.15709604599551e+23 2.05874535104909e+16 5.48440095813764e+16 
1.98191429885406e-08 3.77000000000000e+02 1.15709568592512e+23 3.60280217163888e+16 9.59769515395652e+16 
2.83130614243351e-08 3.77000000000000e+02 1.15709532585517e+23 5.14685720170378e+16 1.37109840244232e+17 
1.13252245782279e-07 3.77000000000000e+02 1.15709172519411e+23 2.05872530780115e+17 5.48434134766021e+17 
1.98191430140224e-07 3.77000000000000e+02 1.15708812457676e+23 3.60274731961252e+17 9.59753202897699e+17 
2.83130614498168e-07 3.77000000000000e+02 1.15708452400394e+23 5.14675142072505e+17 1.37106694574408e+18 
1.13252245807761e-06 3.77000000000000e+02 1.15704852211754e+23 2.05852467795593e+18 5.48374515469734e+18 
1.98191430165706e-06 3.77000000000000e+02 1.15701252460533e+23 3.60219810697821e+18 9.59590073821104e+18 
2.83130614523650e-06 3.77000000000000e+02 1.15697653155195e+23 5.14569188446577e+18 1.37075238601783e+19 
1.13252245810309e-05 3.77000000000000e+02 1.15661683948813e+23 2.05709732099824e+19 5.47953739731101e+19 
1.98191430168254e-05 3.77000000000000e+02 1.15625759289721e+23 3.59781489272439e+19 9.58303407212152e+19 
2.83130614526198e-05 3.77000000000000e+02 1.15589879692445e+23 5.13668780546742e+19 1.36812077019287e+20 
3.68069798884143e-05 3.77000000000000e+02 1.15554045479210e+23 6.67368911157104e+19 1.77740477367451e+20 
1.17578731106594e-04 3.77000000000000e+02 1.15215619442889e+23 2.11891035692083e+20 5.64284260855855e+20 
1.98350482324775e-04 3.77000000000000e+02 1.14881500490627e+23 3.55138506448226e+20 9.46027223868197e+20 
2.79122233542955e-04 3.77000000000000e+02 1.14551845498883e+23 4.96312207327017e+20 1.32298980559881e+21 
3.59893984761135e-04 3.77000000000000e+02 1.14226807813695e+23 6.35247553334914e+20 1.69519448395807e+21 
7.69998206978215e-04 3.77000000000000e+02 1.12651924183521e+23 1.30146474012516e+21 3.51252737072679e+21 
1.18010242919529e-03 3.77000000000000e+02 1.11212659411836e+23 1.89130718026465e+21 5.21137203381725e+21 
1.59020665141237e-03 3.77000000000000e+02 1.09916170200209e+23 2.39562909771660e+21 6.79570662216670e+21 
2.00031087362945e-03 3.77000000000000e+02 1.08762845204070e+23 2.81183065333851e+21 8.26995350320165e+21 
2.41041509584653e-03 3.77000000000000e+02 1.07747707466511e+23 3.14251183658848e+21 9.63886661181959e+21 
3.02069632644123e-03 3.77000000000000e+02 1.06469153538365e+23 3.49348213349598e+21 1.14940338742952e+22 
3.50227093495838e-03 3.77000000000000e+02 1.05639408736484e+23 3.66442409556380e+21 1.28116395539230e+22 
3.98384554347552e-03 3.77000000000000e+02 1.04945033657148e+23 3.75967530243604e+21 1.40098872988493e+22 
4.46542015199267e-03 3.77000000000000e+02 1.04366118333069e+23 3.79492361275215e+21 1.50972213263751e+22 
4.94699476050982e-03 3.77000000000000e+02 1.03883987581073e+23 3.78470080087435e+21 1.60819284541233e+22 
5.77218153439931e-03 3.77000000000000e+02 1.03237990822208e+23 3.69546403296341e+21 1.75523955076756e+22 
6.59736830828879e-03 3.77000000000000e+02 1.02758756670874e+23 3.55956739284154e+21 1.87826570905867e+22 
7.42255508217827e-03 3.77000000000000e+02 1.02393852255095e+23 3.41142606354549e+21 1.98087485807370e+22 
8.24774185606775e-03 3.77000000000000e+02 1.02108766128815e+23 3.26962842757465e+21 2.06625161052378e+22 
9.07292862995723e-03 3.77000000000000e+02 1.01881572815990e+23 3.14234212880986e+21 2.13714753284174e+22 
9.99017143733011e-03 3.77000000000000e+02 1.01679517057542e+23 3.02117166297662e+21 2.20179277769809e+22 
1.09074142447030e-02 3.77000000000000e+02 1.01517090006664e+23 2.92166326507206e+21 2.25417986745450e+22 
1.18246570520759e-02 3.77000000000000e+02 1.01385040343110e+23 2.84168479759347e+21 2.29658549366114e+22 
1.27418998594487e-02 3.77000000000000e+02 1.01277103217919e+23 2.77814657399790e+21 2.33088056341836e+22 
1.36591426668216e-02 3.77000000000000e+02 1.01188710179902e+23 2.72795975080226e+21 2.35859653566096e+22 
1.58709743213106e-02 3.77000000000000e+02 1.01037324924035e+23 2.64703137784631e+21 2.40505926142545e+22 
1.80828059757995e-02 3.77000000000000e+02 1.00944132709674e+23 2.60207497868093e+21 2.43268898413091e+22 
2.02946376302885e-02 3.77000000000000e+02 1.00886408672938e+23 2.57639881263796e+21 2.44936902468624e+22 
2.25064692847774e-02 3.77000000000000e+02 1.00851010206022e+23 2.56114414347410e+21 2.45949965190187e+22 
2.47183009392664e-02 3.77000000000000e+02 1.00829707334657e+23 2.55195586137524e+21 2.46559788259432e+22 
2.75709744324565e-02 3.77000000000000e+02 1.00814766188394e+23 2.54553019415270e+21 2.46987124529120e+22 
3.04236479256466e-02 3.77000000000000e+02 1.00806990836163e+23 2.54231644676841e+21 2.47206906521412e+22 
3.32763214188367e-02 3.77000000000000e+02 1.00802759273436e+23 2.54064104793237e+21 2.47325045752666e+22 
3.61289949120269e-02 3.77000000000000e+02 1.00800492522144e+23 2.53971770562206e+21 2.47388847624694e+22 
3.89816684052170e-02 3.77000000000000e+02 1.00799353534778e+23 2.53921163622840e+21 2.47421748759874e+22 
4.68165580624557e-02 3.77000000000000e+02 1.00798060309202e+23 2.53864324131527e+21 2.47458981169643e+22 
5.46514477196944e-02 3.77000000000000e+02 1.00798150944045e+23 2.53861175777650e+21 2.47457798143579e+22 
6.24863373769330e-02 3.77000000000000e+02 1.00798274072208e+23 2.53867990172994e+21 2.47453972701273e+22 
7.03212270341717e-02 3.77000000000000e+02 1.00798275192655e+23 2.53871417362138e+21 2.47453264854530e+22 
1.48670123606558e-01 3.77000000000000e+02 1.00798235343063e+23 2.53871230630216e+21 2.47454099192762e+22 
2.27019020178945e-01 3.77000000000000e+02 1.00798231698826e+23 2.53870992667389e+21 2.47454219670064e+22 
3.05367916751332e-01 3.77000000000000e+02 1.00798231753119e+23 2.53870967691271e+21 2.47454223579434e+22 
1.08885688247520e+00 3.77000000000000e+02 1.00798231852831e+23 2.53870958943049e+21 2.47454223334842e+22 
1.87234584819907e+00 3.77000000000000e+02 1.00798231850041e+23 2.53870959412135e+21 2.47454223296824e+22 
2.65583481392293e+00 3.77000000000000e+02 1.00798231852216e+23 2.53870959206094e+21 2.47454223294532e+22 
1.04907244711616e+01 3.77000000000000e+02 1.00798231852074e+23 2.53870959220729e+21 2.47454223294404e+22 
1.83256141284003e+01 3.77000000000000e+02 1.00798231852063e+23 2.53870959221512e+21 2.47454223294411e+22 
2.61605037856390e+01 3.77000000000000e+02 1.00798231852057e+23 2.53870959221813e+21 2.47454223294407e+22 
1.04509400358026e+02 3.77000000000000e+02 1.00798231852040e+23 2.53870959221834e+21 2.47454223294381e+22 
1.82858296930412e+02 3.77000000000000e+02 1.00798231852046e+23 2.53870959221823e+21 2.47454223294390e+22 
2.61207193502799e+02 3.77000000000000e+02 1.00798231852042e+23 2.53870959221829e+21 2.47454223294383e+22 
3.61207193502799e+02 3.77000000000000e+02 1.00798231852037e+23 2.53870959221829e+21 2.47454223294376e+22 
4.61207193502799e+02 3.77000000000000e+02 1.00798231852019e+23 2.53870959221834e+21 2.47454223294349e+22 
5.61207193502799e+02 3.77000000000000e+02 1.00798231852032e+23 2.53870959221830e+21 2.47454223294368e+22 
6.61207193502799e+02 3.77000000000000e+02 1.00798231852010e+23 2.53870959221836e+21 2.47454223294335e+22 
7.61207193502799e+02 3.77000000000000e+02 1.00798231852030e+23 2.53870959221831e+21 2.47454223294366e+22 
8.61207193502799e+02 3.77000000000000e+02 1.00798231851972e+23 2.53870959221847e+21 2.47454223294276e+22 
9.61207193502799e+02 3.77000000000000e+02 1.00798231851984e+23 2.53870959221843e+21 2.47454223294294e+22 
1.00000000000000e+03 3.77000000000000e+02 1.00798231851984e+23 2.53870959221843e+21 2.47454223294295e+22 
