Time(s)              GasTemp(K)           [O2(X)](m^-3)        [O2(a)](m^-3)        [O(3P)](m^-3)       
0.00000000000000e+00 3.77000000000000e+02 2.44649133789950e+23 0.00000000000000e+00 0.00000000000000e+00 
3.58686049422630e-17 3.77000000000000e+02 2.44649133789950e+23 1.68059914293531e+08 6.40980206333721e+08 
7.17372098845261e-17 3.77000000000000e+02 2.44649133789949e+23 3.36119828587061e+08 1.28196041266743e+09 
1.07605814826789e-16 3.77000000000000e+02 2.44649133789949e+23 5.04179742880591e+08 1.92294061900113e+09 
4.66291864249420e-16 3.77000000000000e+02 2.44649133789944e+23 2.18477888581579e+09 8.33274268233705e+09 
8.24977913672050e-16 3.77000000000000e+02 2.44649133789939e+23 3.86537802875089e+09 1.47425447456718e+10 
1.18366396309468e-15 3.77000000000000e+02 2.44649133789934e+23 5.54597717168589e+09 2.11523468090053e+10 
4.77052445732099e-15 3.77000000000000e+02 2.44649133789885e+23 2.23519686010268e+10 8.52503674422362e+10 
8.35738495154729e-15 3.77000000000000e+02 2.44649133789837e+23 3.91579600303575e+10 1.49348388075348e+11 
1.19442454457736e-14 3.77000000000000e+02 2.44649133789788e+23 5.59639514596777e+10 2.13446408708339e+11 
4.78128503880366e-14 3.77000000000000e+02 2.44649133789299e+23 2.24023865751978e+11 8.54426615027812e+11 
8.36814553302997e-14 3.77000000000000e+02 2.44649133788811e+23 3.92083780043251e+11 1.49540682133540e+12 
1.19550060272563e-13 3.77000000000000e+02 2.44649133788322e+23 5.60143694333479e+11 2.13638702763089e+12 
4.78236109695193e-13 3.77000000000000e+02 2.44649133783437e+23 2.24074283714556e+12 8.54618908954195e+12 
8.36922159117824e-13 3.77000000000000e+02 2.44649133778551e+23 3.92134197985500e+12 1.49559911502651e+13 
1.19560820854045e-12 3.77000000000000e+02 2.44649133773666e+23 5.60194112245986e+12 2.13657932097779e+13 
4.78246870276676e-12 3.77000000000000e+02 2.44649133724811e+23 2.24079325394890e+13 8.54638137005222e+13 
8.36932919699306e-12 3.77000000000000e+02 2.44649133675956e+23 3.92139239462540e+13 1.49561834072477e+14 
1.19561896912194e-11 3.77000000000000e+02 2.44649133627100e+23 5.60199153425604e+13 2.13659854323392e+14 
4.78247946334824e-11 3.77000000000000e+02 2.44649133138550e+23 2.24079828403684e+14 8.54640046394207e+14 
8.36933995757455e-11 3.77000000000000e+02 2.44649132650000e+23 3.92139740438386e+14 1.49562022658603e+15 
1.19562004518009e-10 3.77000000000000e+02 2.44649132161450e+23 5.60199651427233e+14 2.13660039467396e+15 
4.78248053940639e-10 3.77000000000000e+02 2.44649127275951e+23 2.24079867112160e+15 8.54640103171928e+15 
8.36934103363269e-10 3.77000000000000e+02 2.44649122390452e+23 3.92139758817360e+15 1.49562004808655e+16 
1.19562015278590e-09 3.77000000000000e+02 2.44649117504955e+23 5.60199640063970e+15 2.13659987196215e+16 
4.78248064701221e-09 3.77000000000000e+02 2.44649068650036e+23 2.24079755058045e+16 8.54638767237751e+16 
8.36934114123851e-09 3.77000000000000e+02 2.44649019795188e+23 3.92139443465217e+16 1.49561635937742e+17 
1.19562016354648e-08 3.77000000000000e+02 2.44648970940410e+23 5.60199027283171e+16 2.13659274112436e+17 
4.78248065777279e-08 3.77000000000000e+02 2.44648482398757e+23 2.24078584509936e+17 8.54625217506808e+17 
8.36934115199909e-08 3.77000000000000e+02 2.44647993864070e+23 3.92136239637153e+17 1.49557928161894e+18 
1.19562016462254e-07 3.77000000000000e+02 2.44647505336481e+23 5.60192848540208e+17 2.13652124156678e+18 
4.78248065884884e-07 3.77000000000000e+02 2.44642620672806e+23 2.24066864724243e+18 8.54489699373669e+18 
8.36934115307515e-07 3.77000000000000e+02 2.44637736706102e+23 3.92104157094121e+18 1.49520845542819e+19 
1.19562016473015e-06 3.77000000000000e+02 2.44632853449679e+23 5.60130954047687e+18 2.13580614622332e+19 
4.78248065895645e-06 3.77000000000000e+02 2.44584058821623e+23 2.23983458941592e+19 8.53532448658081e+19 
8.36934115318275e-06 3.77000000000000e+02 2.44535334989446e+23 3.91847985421373e+19 1.49228003923746e+20 
1.19562016474091e-05 3.77000000000000e+02 2.44486682629832e+23 5.59604628303110e+19 2.12981394576674e+20 
1.55430621416354e-05 3.77000000000000e+02 2.44438102106231e+23 7.27251755298548e+19 2.76613016377907e+20 
5.14116670838984e-05 3.77000000000000e+02 2.43956316555248e+23 2.39720863172139e+20 9.06192743060117e+20 
8.72802720261615e-05 3.77000000000000e+02 2.43481920460024e+23 4.05469639248774e+20 1.52348738135431e+21 
1.23148876968425e-04 3.77000000000000e+02 2.43015066494699e+23 5.69851718402750e+20 2.12843115369646e+21 
1.59017481910688e-04 3.77000000000000e+02 2.42555897945191e+23 7.32748274114590e+20 2.72097514128989e+21 
3.21769513843960e-04 3.77000000000000e+02 2.40571552782229e+23 1.45056227165695e+21 5.25403747212891e+21 
4.84521545777232e-04 3.77000000000000e+02 2.38754584370878e+23 2.12734494277247e+21 7.53440895260024e+21 
6.47273577710505e-04 3.77000000000000e+02 2.37106892804838e+23 2.75718409816023e+21 9.57011377390315e+21 
8.10025609643777e-04 3.77000000000000e+02 2.35625192243397e+23 3.33683787974828e+21 1.13742073336096e+22 
9.72777641577049e-04 3.77000000000000e+02 2.34302283732169e+23 3.86529199996065e+21 1.29631161156386e+22 
1.25016305842472e-03 3.77000000000000e+02 2.32383757219185e+23 4.65136713345975e+21 1.52280188746084e+22 
1.52754847527239e-03 3.77000000000000e+02 2.30840960046779e+23 5.30170557255824e+21 1.70129363412245e+22 
1.80493389212006e-03 3.77000000000000e+02 2.29613994476019e+23 5.83209691228401e+21 1.84060848032921e+22 
2.08231930896773e-03 3.77000000000000e+02 2.28646208851777e+23 6.26060050227379e+21 1.94846488717966e+22 
2.35970472581540e-03 3.77000000000000e+02 2.27886933091261e+23 6.60451680603759e+21 2.03153677853030e+22 
2.84627627005976e-03 3.77000000000000e+02 2.26935066535508e+23 7.04901680562428e+21 2.13301008976335e+22 
3.33284781430412e-03 3.77000000000000e+02 2.26315899800778e+23 7.34872313651300e+21 2.19690217053137e+22 
3.81941935854848e-03 3.77000000000000e+02 2.25911235401061e+23 7.55155701772353e+21 2.23726827423203e+22 
4.30599090279284e-03 3.77000000000000e+02 2.25648159293330e+23 7.68880987340412e+21 2.26243292464167e+22 
4.79256244703720e-03 3.77000000000000e+02 2.25478926749842e+23 7.78149850154382e+21 2.27774170771103e+22 
5.46692951871609e-03 3.77000000000000e+02 2.25339368321161e+23 7.86289191602764e+21 2.28937471055006e+22 
6.14129659039498e-03 3.77000000000000e+02 2.25257855080917e+23 7.91328966920908e+21 2.29559780796203e+22 
6.81566366207387e-03 3.77000000000000e+02 2.25208053420029e+23 7.94550249080231e+21 2.29911557582022e+22 
7.49003073375277e-03 3.77000000000000e+02 2.25179878747212e+23 7.96522342431866e+21 2.30080632367987e+22 
8.16439780543166e-03 3.77000000000000e+02 2.25166245812852e+23 7.97647121084638e+21 2.30128335324619e+22 
9.64417200159893e-03 3.77000000000000e+02 2.25156686339279e+23 7.98744915780545e+21 2.30099965856879e+22 
1.11239461977662e-02 3.77000000000000e+02 2.25152370075881e+23 7.99227936322990e+21 2.30089687016344e+22 
1.26037203939335e-02 3.77000000000000e+02 2.25147652721307e+23 7.99552710616353e+21 2.30119079249616e+22 
1.40834945901008e-02 3.77000000000000e+02 2.25145114979922e+23 7.99714477923804e+21 2.30137480616314e+22 
1.55632687862680e-02 3.77000000000000e+02 2.25144913138861e+23 7.99748537436261e+21 2.30134705535237e+22 
2.14107615644929e-02 3.77000000000000e+02 2.25144580537225e+23 7.99795960456746e+21 2.30131872964397e+22 
2.72582543427178e-02 3.77000000000000e+02 2.25145354304735e+23 7.99749337064085e+21 2.30125722291786e+22 
3.31057471209427e-02 3.77000000000000e+02 2.25145363924305e+23 7.99744174995686e+21 2.30126562313408e+22 
3.89532398991675e-02 3.77000000000000e+02 2.25145245647746e+23 7.99750793674511e+21 2.30127604108642e+22 
9.74281676814163e-02 3.77000000000000e+02 2.25145218110626e+23 7.99753358369978e+21 2.30127641911649e+22 
1.55903095463665e-01 3.77000000000000e+02 2.25145221478697e+23 7.99753178963468e+21 2.30127610431513e+22 
2.14378023245914e-01 3.77000000000000e+02 2.25145221712295e+23 7.99753160110333e+21 2.30127609530173e+22 
7.99127301068401e-01 3.77000000000000e+02 2.25145221709099e+23 7.99753160002390e+21 2.30127609615673e+22 
1.38387657889089e+00 3.77000000000000e+02 2.25145221707949e+23 7.99753160101116e+21 2.30127609618934e+22 
1.96862585671338e+00 3.77000000000000e+02 2.25145221707943e+23 7.99753160101939e+21 2.30127609618896e+22 
7.81611863493825e+00 3.77000000000000e+02 2.25145221707948e+23 7.99753160101907e+21 2.30127609618896e+22 
9.57036646840572e+00 3.77000000000000e+02 2.25145221707949e+23 7.99753160101907e+21 2.30127609618896e+22 
1.13246143018732e+01 3.77000000000000e+02 2.25145221707948e+23 7.99753160101907e+21 2.30127609618896e+22 
1.30788621353406e+01 3.77000000000000e+02 2.25145221707949e+23 7.99753160101907e+21 2.30127609618896e+22 
1.83416056357430e+01 3.77000000000000e+02 2.25145221707951e+23 7.99753160101908e+21 2.30127609618898e+22 
2.36043491361454e+01 3.77000000000000e+02 2.25145221707954e+23 7.99753160101909e+21 2.30127609618898e+22 
2.88670926365478e+01 3.77000000000000e+02 2.25145221707965e+23 7.99753160101913e+21 2.30127609618904e+22 
4.46553231377550e+01 3.77000000000000e+02 2.25145221707995e+23 7.99753160101925e+21 2.30127609618918e+22 
6.04435536389621e+01 3.77000000000000e+02 2.25145221707998e+23 7.99753160101926e+21 2.30127609618920e+22 
7.62317841401693e+01 3.77000000000000e+02 2.25145221708011e+23 7.99753160101931e+21 2.30127609618927e+22 
8.52317841401693e+01 3.77000000000000e+02 2.25145221708023e+23 7.99753160101935e+21 2.30127609618932e+22 
9.42317841401693e+01 3.77000000000000e+02 2.25145221708031e+23 7.99753160101939e+21 2.30127609618936e+22 
1.03231784140169e+02 3.77000000000000e+02 2.25145221708019e+23 7.99753160101934e+21 2.30127609618930e+22 
1.93231784140169e+02 3.77000000000000e+02 2.25145221708118e+23 7.99753160101973e+21 2.30127609618978e+22 
2.83231784140169e+02 3.77000000000000e+02 2.25145221708042e+23 7.99753160101943e+21 2.30127609618942e+22 
3.73231784140169e+02 3.77000000000000e+02 2.25145221707976e+23 7.99753160101917e+21 2.30127609618909e+22 
4.03231784140169e+02 3.77000000000000e+02 2.25145221707950e+23 7.99753160101907e+21 2.30127609618897e+22 
4.33231784140169e+02 3.77000000000000e+02 2.25145221707974e+23 7.99753160101917e+21 2.30127609618909e+22 
4.63231784140169e+02 3.77000000000000e+02 2.25145221707970e+23 7.99753160101915e+21 2.30127609618906e+22 
4.72231784140169e+02 3.77000000000000e+02 2.25145221707964e+23 7.99753160101913e+21 2.30127609618904e+22 
4.81231784140169e+02 3.77000000000000e+02 2.25145221707961e+23 7.99753160101912e+21 2.30127609618902e+22 
4.90231784140169e+02 3.77000000000000e+02 2.25145221707958e+23 7.99753160101911e+21 2.30127609618901e+22 
5.17231784140169e+02 3.77000000000000e+02 2.25145221707946e+23 7.99753160101906e+21 2.30127609618895e+22 
5.44231784140169e+02 3.77000000000000e+02 2.25145221707968e+23 7.99753160101914e+21 2.30127609618906e+22 
5.71231784140169e+02 3.77000000000000e+02 2.25145221707980e+23 7.99753160101919e+21 2.30127609618911e+22 
6.71231784140169e+02 3.77000000000000e+02 2.25145221707914e+23 7.99753160101893e+21 2.30127609618879e+22 
7.01231784140169e+02 3.77000000000000e+02 2.25145221707913e+23 7.99753160101893e+21 2.30127609618879e+22 
7.31231784140169e+02 3.77000000000000e+02 2.25145221707941e+23 7.99753160101904e+21 2.30127609618892e+22 
7.61231784140169e+02 3.77000000000000e+02 2.25145221707882e+23 7.99753160101881e+21 2.30127609618864e+22 
8.61231784140169e+02 3.77000000000000e+02 2.25145221707837e+23 7.99753160101864e+21 2.30127609618842e+22 
9.61231784140169e+02 3.77000000000000e+02 2.25145221708015e+23 7.99753160101933e+21 2.30127609618928e+22 
1.00000000000000e+03 3.77000000000000e+02 2.25145221707962e+23 7.99753160101912e+21 2.30127609618903e+22 
