Time(s)              GasTemp(K)           [O2(X)](m^-3)        [O2(a)](m^-3)        [O(3P)](m^-3)       
0.00000000000000e+00 3.77000000000000e+02 1.17542997194653e+23 0.00000000000000e+00 0.00000000000000e+00 
5.29328553945320e-17 3.77000000000000e+02 1.17542997194653e+23 1.38538390776975e+08 4.27238029575945e+08 
1.05865710789064e-16 3.77000000000000e+02 1.17542997194652e+23 2.77076781553950e+08 8.54476059151883e+08 
1.58798566183596e-16 3.77000000000000e+02 1.17542997194652e+23 4.15615172330923e+08 1.28171408872781e+09 
6.88127120128916e-16 3.77000000000000e+02 1.17542997194648e+23 1.80099908010057e+09 5.55409438448654e+09 
1.21745567407424e-15 3.77000000000000e+02 1.17542997194645e+23 3.18638298787013e+09 9.82647468024460e+09 
1.74678422801956e-15 3.77000000000000e+02 1.17542997194641e+23 4.57176689563960e+09 1.40988549760020e+10 
7.04006976747275e-15 3.77000000000000e+02 1.17542997194606e+23 1.84256059733260e+10 5.68226579335171e+10 
1.23333553069260e-14 3.77000000000000e+02 1.17542997194571e+23 3.22794450510032e+10 9.95464608909655e+10 
1.76266408463792e-14 3.77000000000000e+02 1.17542997194536e+23 4.61332841286708e+10 1.42270263848346e+11 
7.05594962409111e-14 3.77000000000000e+02 1.17542997194183e+23 1.84671674904528e+11 5.69508293416285e+11 
1.23492351635443e-13 3.77000000000000e+02 1.17542997193831e+23 3.23210065679454e+11 9.96746322977551e+11 
1.76425207029975e-13 3.77000000000000e+02 1.17542997193479e+23 4.61748456453431e+11 1.42398435253202e+12 
7.05753760975295e-13 3.77000000000000e+02 1.17542997189958e+23 1.84713236411132e+12 5.69636464749021e+12 
1.23508231492061e-12 3.77000000000000e+02 1.17542997186436e+23 3.23251627167603e+12 9.96874494178101e+12 
1.76441086886593e-12 3.77000000000000e+02 1.17542997182914e+23 4.61790017914579e+12 1.42411252353918e+13 
7.05769640831913e-12 3.77000000000000e+02 1.17542997147699e+23 1.84717392456557e+13 5.69649281128538e+13 
1.23509819477723e-11 3.77000000000000e+02 1.17542997112483e+23 3.23255783028479e+13 9.96887309235762e+13 
1.76442674872255e-11 3.77000000000000e+02 1.17542997077267e+23 4.61794173505458e+13 1.42412533666295e+14 
7.05771228817575e-11 3.77000000000000e+02 1.17542996725110e+23 1.84717807008751e+14 5.69650555228924e+14 
1.23509978276290e-10 3.77000000000000e+02 1.17542996372952e+23 3.23256195735179e+14 9.96888570117590e+14 
1.76442833670821e-10 3.77000000000000e+02 1.17542996020795e+23 4.61794583512188e+14 1.42412657820593e+15 
7.05771387616141e-10 3.77000000000000e+02 1.17542992499221e+23 1.84717837940477e+15 5.69650607263310e+15 
1.23509994156146e-09 3.77000000000000e+02 1.17542988977648e+23 3.23256208211940e+15 9.96888489966409e+15 
1.76442849550678e-09 3.77000000000000e+02 1.17542985456076e+23 4.61794568989174e+15 1.42412630466627e+16 
7.05771403495998e-09 3.77000000000000e+02 1.17542950240386e+23 1.84717735797808e+16 5.69649858710606e+16 
1.23509995744132e-08 3.77000000000000e+02 1.17542915024740e+23 3.23255921516697e+16 9.96886419558196e+16 
1.76442851138664e-08 3.77000000000000e+02 1.17542879809137e+23 4.61794012290069e+16 1.42412230037397e+17 
7.05771405083984e-08 3.77000000000000e+02 1.17542527656857e+23 1.84716673134390e+17 5.69642246332083e+17 
1.23509995902930e-07 3.77000000000000e+02 1.17542175508846e+23 3.23253013035947e+17 9.96865588648510e+17 
1.76442851297462e-07 3.77000000000000e+02 1.17541823365184e+23 4.61788403158947e+17 1.42408213070102e+18 
7.05771405242782e-07 3.77000000000000e+02 1.17538302303751e+23 1.84706033306227e+18 5.69566113684792e+18 
1.23509995918810e-06 3.77000000000000e+02 1.17534781669429e+23 3.23223885884375e+18 9.96657273083385e+18 
1.76442851313342e-06 3.77000000000000e+02 1.17531261470393e+23 4.61732208360694e+18 1.42368043528518e+19 
7.05771405258662e-06 3.77000000000000e+02 1.17496082731586e+23 1.84630268807939e+19 5.69028723715185e+19 
1.23509995920398e-05 3.77000000000000e+02 1.17460947387919e+23 3.22991111514015e+19 9.95013911639558e+19 
1.76442851314930e-05 3.77000000000000e+02 1.17425855861893e+23 4.61253803201676e+19 1.42031904879815e+20 
2.29375706709462e-05 3.77000000000000e+02 1.17390808384673e+23 5.99416770259322e+19 1.84494265908140e+20 
7.58704260654782e-05 3.77000000000000e+02 1.17042801786708e+23 1.97508318772668e+20 6.05374178344842e+20 
1.28803281460010e-04 3.77000000000000e+02 1.16699337594055e+23 3.33929799329916e+20 1.01945960253549e+21 
1.81736136854542e-04 3.77000000000000e+02 1.16360520893220e+23 4.69089183563592e+20 1.42677423573945e+21 
2.34668992249074e-04 3.77000000000000e+02 1.16026453251153e+23 6.02870307392154e+20 1.82734727221553e+21 
5.22397390483657e-04 3.77000000000000e+02 1.14296718692620e+23 1.30193897167143e+21 3.88867906072304e+21 
8.10125788718241e-04 3.77000000000000e+02 1.12719379290935e+23 1.94383240707176e+21 5.75957099329184e+21 
1.09785418695282e-03 3.77000000000000e+02 1.11298814114226e+23 2.51938818315090e+21 7.44958979455201e+21 
1.38558258518741e-03 3.77000000000000e+02 1.10033267779752e+23 3.02460302113166e+21 8.97025278753817e+21 
1.67331098342199e-03 3.77000000000000e+02 1.08916371835360e+23 3.45955840742017e+21 1.03341339037444e+22 
2.08313738438814e-03 3.77000000000000e+02 1.07562786320273e+23 3.96451211785014e+21 1.20313975130594e+22 
2.49296378535429e-03 3.77000000000000e+02 1.06459521089104e+23 4.34706704647605e+21 1.34728181181445e+22 
2.90279018632044e-03 3.77000000000000e+02 1.05571800447632e+23 4.62489729879294e+21 1.46925988964550e+22 
3.31261658728659e-03 3.77000000000000e+02 1.04865218693478e+23 4.81691615382142e+21 1.57217246947061e+22 
3.72244298825274e-03 3.77000000000000e+02 1.04308190281703e+23 4.94073190965364e+21 1.65881500065925e+22 
4.57154030533761e-03 3.77000000000000e+02 1.03517283881710e+23 5.04355761183750e+21 1.79643114022092e+22 
5.42063762242248e-03 3.77000000000000e+02 1.03059033728576e+23 5.02435479534006e+21 1.89192173414731e+22 
6.26973493950735e-03 3.77000000000000e+02 1.02799494778632e+23 4.95247972277200e+21 1.95820453864981e+22 
7.11883225659221e-03 3.77000000000000e+02 1.02655994956054e+23 4.86601522460993e+21 2.00419740279795e+22 
7.96792957367709e-03 3.77000000000000e+02 1.02577895697924e+23 4.78448707697477e+21 2.03612288395073e+22 
8.87034322486702e-03 3.77000000000000e+02 1.02536312070821e+23 4.70997435681398e+21 2.05934215340321e+22 
9.77275687605695e-03 3.77000000000000e+02 1.02518966915145e+23 4.64891659860112e+21 2.07502273618048e+22 
1.06751705272469e-02 3.77000000000000e+02 1.02514674227302e+23 4.60030346910847e+21 2.08560389964751e+22 
1.15775841784368e-02 3.77000000000000e+02 1.02516440825606e+23 4.56284311182734e+21 2.09274265144272e+22 
1.24799978296268e-02 3.77000000000000e+02 1.02520272259077e+23 4.53492513197173e+21 2.09755996071956e+22 
1.43651442359527e-02 3.77000000000000e+02 1.02529819131998e+23 4.49898592043804e+21 2.10283842844211e+22 
1.62502906422787e-02 3.77000000000000e+02 1.02535055091612e+23 4.48183345552104e+21 2.10522172950073e+22 
1.81354370486047e-02 3.77000000000000e+02 1.02536994752164e+23 4.47350647645035e+21 2.10649919320145e+22 
2.00205834549306e-02 3.77000000000000e+02 1.02538077731470e+23 4.46903643003643e+21 2.10717660662137e+22 
2.19057298612566e-02 3.77000000000000e+02 1.02539091622022e+23 4.46657669881323e+21 2.10746577475534e+22 
2.54435124018406e-02 3.77000000000000e+02 1.02540082762773e+23 4.46467387789329e+21 2.10764811078894e+22 
2.89812949424245e-02 3.77000000000000e+02 1.02540337562533e+23 4.46446699603715e+21 2.10763852720828e+22 
3.25190774830085e-02 3.77000000000000e+02 1.02540312997516e+23 4.46459068792366e+21 2.10761870183420e+22 
3.60568600235924e-02 3.77000000000000e+02 1.02540264958572e+23 4.46465507686469e+21 2.10761543183461e+22 
7.14346854294318e-02 3.77000000000000e+02 1.02540255032912e+23 4.46463888882260e+21 2.10762065457501e+22 
1.06812510835271e-01 3.77000000000000e+02 1.02540259491897e+23 4.46463035304862e+21 2.10762146993257e+22 
1.42190336241111e-01 3.77000000000000e+02 1.02540259969447e+23 4.46462978989760e+21 2.10762148705288e+22 
4.95968590299505e-01 3.77000000000000e+02 1.02540260002553e+23 4.46462978903669e+21 2.10762148060382e+22 
8.49746844357900e-01 3.77000000000000e+02 1.02540259997788e+23 4.46462979522510e+21 2.10762148031921e+22 
1.20352509841629e+00 3.77000000000000e+02 1.02540259997659e+23 4.46462979537508e+21 2.10762148031508e+22 
4.74130763900024e+00 3.77000000000000e+02 1.02540259997632e+23 4.46462979540541e+21 2.10762148031455e+22 
8.27909017958418e+00 3.77000000000000e+02 1.02540259997633e+23 4.46462979540507e+21 2.10762148031456e+22 
1.18168727201681e+01 3.77000000000000e+02 1.02540259997632e+23 4.46462979540523e+21 2.10762148031455e+22 
4.71946981260076e+01 3.77000000000000e+02 1.02540259997609e+23 4.46462979540541e+21 2.10762148031428e+22 
8.25725235318470e+01 3.77000000000000e+02 1.02540259997584e+23 4.46462979540559e+21 2.10762148031399e+22 
1.17950348937686e+02 3.77000000000000e+02 1.02540259997586e+23 4.46462979540555e+21 2.10762148031401e+22 
1.26950348937686e+02 3.77000000000000e+02 1.02540259997584e+23 4.46462979540559e+21 2.10762148031398e+22 
1.29650348937686e+02 3.77000000000000e+02 1.02540259997585e+23 4.46462979540559e+21 2.10762148031399e+22 
1.32350348937686e+02 3.77000000000000e+02 1.02540259997585e+23 4.46462979540559e+21 2.10762148031399e+22 
1.35050348937686e+02 3.77000000000000e+02 1.02540259997585e+23 4.46462979540558e+21 2.10762148031400e+22 
1.37480348937686e+02 3.77000000000000e+02 1.02540259997586e+23 4.46462979540558e+21 2.10762148031400e+22 
1.39910348937686e+02 3.77000000000000e+02 1.02540259997586e+23 4.46462979540558e+21 2.10762148031400e+22 
1.42340348937686e+02 3.77000000000000e+02 1.02540259997587e+23 4.46462979540557e+21 2.10762148031401e+22 
1.66640348937686e+02 3.77000000000000e+02 1.02540259997598e+23 4.46462979540549e+21 2.10762148031414e+22 
1.90940348937686e+02 3.77000000000000e+02 1.02540259997601e+23 4.46462979540546e+21 2.10762148031418e+22 
2.15240348937686e+02 3.77000000000000e+02 1.02540259997597e+23 4.46462979540549e+21 2.10762148031414e+22 
3.15240348937686e+02 3.77000000000000e+02 1.02540259997584e+23 4.46462979540559e+21 2.10762148031399e+22 
4.15240348937686e+02 3.77000000000000e+02 1.02540259997553e+23 4.46462979540583e+21 2.10762148031361e+22 
5.15240348937686e+02 3.77000000000000e+02 1.02540259997561e+23 4.46462979540576e+21 2.10762148031371e+22 
6.15240348937686e+02 3.77000000000000e+02 1.02540259997541e+23 4.46462979540592e+21 2.10762148031347e+22 
7.15240348937686e+02 3.77000000000000e+02 1.02540259997476e+23 4.46462979540641e+21 2.10762148031269e+22 
8.15240348937686e+02 3.77000000000000e+02 1.02540259997512e+23 4.46462979540614e+21 2.10762148031312e+22 
9.15240348937686e+02 3.77000000000000e+02 1.02540259997498e+23 4.46462979540624e+21 2.10762148031296e+22 
9.40668244256380e+02 3.77000000000000e+02 1.02540259997511e+23 4.46462979540615e+21 2.10762148031311e+22 
9.66096139575075e+02 3.77000000000000e+02 1.02540259997512e+23 4.46462979540614e+21 2.10762148031312e+22 
9.91524034893769e+02 3.77000000000000e+02 1.02540259997511e+23 4.46462979540615e+21 2.10762148031311e+22 
9.92286871753330e+02 3.77000000000000e+02 1.02540259997511e+23 4.46462979540614e+21 2.10762148031311e+22 
9.93049708612890e+02 3.77000000000000e+02 1.02540259997512e+23 4.46462979540614e+21 2.10762148031312e+22 
9.93812545472451e+02 3.77000000000000e+02 1.02540259997512e+23 4.46462979540614e+21 2.10762148031312e+22 
1.00000000000000e+03 3.77000000000000e+02 1.02540259997512e+23 4.46462979540614e+21 2.10762148031312e+22 
