Time(s)              GasTemp(K)           [O2(X)](m^-3)        [O2(a)](m^-3)        [O(3P)](m^-3)       
0.00000000000000e+00 3.77000000000000e+02 1.18075424052210e+23 0.00000000000000e+00 0.00000000000000e+00 
6.03151314056118e-17 3.77000000000000e+02 1.18075424052209e+23 1.61261000075310e+08 4.11694664895159e+08 
1.20630262811224e-16 3.77000000000000e+02 1.18075424052209e+23 3.22522000150618e+08 8.23389329790315e+08 
1.80945394216835e-16 3.77000000000000e+02 1.18075424052208e+23 4.83783000225925e+08 1.23508399468547e+09 
7.84096708272953e-16 3.77000000000000e+02 1.18075424052205e+23 2.09639300097883e+09 5.35203064363657e+09 
1.38724802232907e-15 3.77000000000000e+02 1.18075424052201e+23 3.70900300173156e+09 9.46897729258723e+09 
1.99039933638519e-15 3.77000000000000e+02 1.18075424052197e+23 5.32161300248411e+09 1.35859239415374e+10 
8.02191247694637e-15 3.77000000000000e+02 1.18075424052161e+23 2.14477130099939e+10 5.47553904309999e+10 
1.40534256175075e-14 3.77000000000000e+02 1.18075424052124e+23 3.75738130174858e+10 9.59248569204174e+10 
2.00849387580687e-14 3.77000000000000e+02 1.18075424052087e+23 5.36999130249595e+10 1.37094323409789e+11 
8.04000701636805e-14 3.77000000000000e+02 1.18075424051720e+23 2.14960913098126e+11 5.48788988299555e+11 
1.40715201569292e-13 3.77000000000000e+02 1.18075424051353e+23 3.76221913169506e+11 9.60483653184824e+11 
2.01030332974904e-13 3.77000000000000e+02 1.18075424050986e+23 5.37482913239065e+11 1.37217831806551e+12 
8.04181647031022e-13 3.77000000000000e+02 1.18075424047315e+23 2.15009291377764e+12 5.48912496647724e+12 
1.40733296108714e-12 3.77000000000000e+02 1.18075424043644e+23 3.76270291413753e+12 9.60607161443929e+12 
2.01048427514326e-12 3.77000000000000e+02 1.18075424039973e+23 5.37531291431534e+12 1.37230182619431e+13 
8.04199741570444e-12 3.77000000000000e+02 1.18075424003262e+23 2.15014129003917e+13 5.48924846974674e+13 
1.40735105562656e-11 3.77000000000000e+02 1.18075423966551e+23 3.76275128685993e+13 9.60619510880238e+13 
2.01050236968268e-11 3.77000000000000e+02 1.18075423929840e+23 5.37536128185997e+13 1.37231417432761e+14 
8.04201551024386e-11 3.77000000000000e+02 1.18075423562732e+23 2.15014610748429e+14 5.48926076928702e+14 
1.40735286508050e-10 3.77000000000000e+02 1.18075423195624e+23 3.76275606891375e+14 9.60620731927856e+14 
2.01050417913662e-10 3.77000000000000e+02 1.18075422828515e+23 5.37536601213606e+14 1.37231538234508e+15 
8.04201731969780e-10 3.77000000000000e+02 1.18075419157432e+23 2.15014638741828e+15 5.48926149137433e+15 
1.40735304602590e-09 3.77000000000000e+02 1.18075415486350e+23 3.76275599493430e+15 9.60620715072471e+15 
2.01050436008202e-09 3.77000000000000e+02 1.18075411815268e+23 5.37536542037823e+15 1.37231523518821e+16 
8.04201750064320e-09 3.77000000000000e+02 1.18075375104483e+23 2.15014439729149e+16 5.48925648491071e+16 
1.40735306412044e-08 3.77000000000000e+02 1.18075338393739e+23 3.76275046562397e+16 9.60619323782865e+16 
2.01050437817656e-08 3.77000000000000e+02 1.18075301683035e+23 5.37535471318162e+16 1.37231254087948e+17 
8.04201751873773e-08 3.77000000000000e+02 1.18074934579548e+23 2.15012401557815e+17 5.48920519702259e+17 
1.40735306592989e-07 3.77000000000000e+02 1.18074567480097e+23 3.76269468717595e+17 9.60605288356344e+17 
2.01050437998601e-07 3.77000000000000e+02 1.18074200384758e+23 5.37524714563380e+17 1.37228547484001e+18 
8.04201752054719e-07 3.77000000000000e+02 1.18070529786137e+23 2.14992000058216e+18 5.48869214403250e+18 
1.40735306611084e-06 3.77000000000000e+02 1.18066859591514e+23 3.76213621508034e+18 9.60464896160426e+18 
2.01050438016695e-06 3.77000000000000e+02 1.18063189808778e+23 5.37416975943304e+18 1.37201473436917e+19 
8.04201752072813e-06 3.77000000000000e+02 1.18026514035271e+23 2.14846886501580e+19 5.48506565759372e+19 
1.40735306612893e-05 3.77000000000000e+02 1.17989879493925e+23 3.75768046974564e+19 9.59355071735929e+19 
2.01050438018505e-05 3.77000000000000e+02 1.17953286729387e+23 5.36501770689507e+19 1.36974291507740e+20 
2.61365569424117e-05 3.77000000000000e+02 1.17916736111912e+23 6.97045378394329e+19 1.77966804916675e+20 
8.44423666168280e-05 3.77000000000000e+02 1.17565667319270e+23 2.23847360260952e+20 5.71818745357107e+20 
1.42748176291244e-04 3.77000000000000e+02 1.17218806807712e+23 3.75990827414681e+20 9.61252834165101e+20 
2.01053985965661e-04 3.77000000000000e+02 1.16876365193288e+23 5.25960769235545e+20 1.34619617937228e+21 
2.59359795640077e-04 3.77000000000000e+02 1.16538549959223e+23 6.73585488223104e+20 1.72657720952638e+21 
5.60928355624176e-04 3.77000000000000e+02 1.14871280133707e+23 1.39460718418251e+21 3.61907346863953e+21 
8.62496915608274e-04 3.77000000000000e+02 1.13352321941228e+23 2.03252415811914e+21 5.38115590572381e+21 
1.16406547559237e-03 3.77000000000000e+02 1.11993359324127e+23 2.57763407225525e+21 7.00886131165433e+21 
1.46563403557647e-03 3.77000000000000e+02 1.10797008029337e+23 3.02772021288251e+21 8.50139161997963e+21 
1.76720259556057e-03 3.77000000000000e+02 1.09758649702423e+23 3.38645070541944e+21 9.86064728873317e+21 
2.17741444557243e-03 3.77000000000000e+02 1.08578066850506e+23 3.74475919982290e+21 1.15051960037622e+22 
2.58762629558429e-03 3.77000000000000e+02 1.07638040674614e+23 3.97402415512517e+21 1.29267184449412e+22 
2.92095925837850e-03 3.77000000000000e+02 1.07028602917727e+23 4.08240615204231e+21 1.39288299648812e+22 
3.25429222117270e-03 3.77000000000000e+02 1.06534801415619e+23 4.13749820390690e+21 1.48062488653672e+22 
3.58762518396691e-03 3.77000000000000e+02 1.06138021053564e+23 4.15219886861283e+21 1.55704082600646e+22 
3.92095814676112e-03 3.77000000000000e+02 1.05821548640581e+23 4.13754053181816e+21 1.62326697596208e+22 
4.43921512711538e-03 3.77000000000000e+02 1.05457036702584e+23 4.07627024754877e+21 1.70842342041541e+22 
4.95747210746965e-03 3.77000000000000e+02 1.05206943112747e+23 3.99158869865013e+21 1.77537844816237e+22 
5.47572908782392e-03 3.77000000000000e+02 1.05036012044250e+23 3.90100275830859e+21 1.82768184993023e+22 
5.99398606817819e-03 3.77000000000000e+02 1.04919639346801e+23 3.81413772826927e+21 1.86832939542775e+22 
6.51224304853246e-03 3.77000000000000e+02 1.04841012689734e+23 3.73558131341989e+21 1.89976600981116e+22 
7.23023649910693e-03 3.77000000000000e+02 1.04773763809941e+23 3.64358553909385e+21 1.93161494063485e+22 
7.94822994968140e-03 3.77000000000000e+02 1.04735337876848e+23 3.57198949761079e+21 1.95361933555017e+22 
8.66622340025588e-03 3.77000000000000e+02 1.04713426662830e+23 3.51810323256795e+21 1.96877883136232e+22 
9.38421685083035e-03 3.77000000000000e+02 1.04701409920798e+23 3.47810071970929e+21 1.97918268234037e+22 
1.01022103014048e-02 3.77000000000000e+02 1.04695329521820e+23 3.44867385524016e+21 1.98628413502991e+22 
1.15199028944880e-02 3.77000000000000e+02 1.04691068012595e+23 3.41331617299415e+21 1.99420797332405e+22 
1.29375954875711e-02 3.77000000000000e+02 1.04687785799091e+23 3.39628517700774e+21 1.99827061522211e+22 
1.43552880806543e-02 3.77000000000000e+02 1.04684830072752e+23 3.38800237648020e+21 2.00051832059550e+22 
1.57729806737374e-02 3.77000000000000e+02 1.04685338414112e+23 3.38264938189592e+21 2.00148725124034e+22 
1.71906732668205e-02 3.77000000000000e+02 1.04688352655079e+23 3.37967700872577e+21 2.00147887768087e+22 
2.08231432280355e-02 3.77000000000000e+02 1.04692015933628e+23 3.37707232103897e+21 2.00126715950844e+22 
2.44556131892505e-02 3.77000000000000e+02 1.04692999856956e+23 3.37761935036055e+21 2.00096096897868e+22 
2.80880831504655e-02 3.77000000000000e+02 1.04692801034060e+23 3.37811733017706e+21 2.00090113759455e+22 
3.17205531116804e-02 3.77000000000000e+02 1.04692589657894e+23 3.37814814279312e+21 2.00093725030451e+22 
4.51091002177883e-02 3.77000000000000e+02 1.04692574686703e+23 3.37802047563577e+21 2.00096577797422e+22 
5.84976473238961e-02 3.77000000000000e+02 1.04692587886881e+23 3.37800045656168e+21 2.00096714175337e+22 
7.18861944300039e-02 3.77000000000000e+02 1.04692589892415e+23 3.37800064922500e+21 2.00096670211386e+22 
2.05771665491082e-01 3.77000000000000e+02 1.04692589886109e+23 3.37800122016721e+21 2.00096658918665e+22 
3.39657136552161e-01 3.77000000000000e+02 1.04692589846108e+23 3.37800121095671e+21 2.00096659902891e+22 
4.73542607613239e-01 3.77000000000000e+02 1.04692589845764e+23 3.37800120909267e+21 2.00096659947052e+22 
1.81239731822402e+00 3.77000000000000e+02 1.04692589845836e+23 3.37800120910301e+21 2.00096659945397e+22 
3.15125202883481e+00 3.77000000000000e+02 1.04692589845837e+23 3.37800120910824e+21 2.00096659945283e+22 
4.49010673944559e+00 3.77000000000000e+02 1.04692589845838e+23 3.37800120910825e+21 2.00096659945284e+22 
1.78786538455534e+01 3.77000000000000e+02 1.04692589845836e+23 3.37800120910825e+21 2.00096659945283e+22 
3.12672009516613e+01 3.77000000000000e+02 1.04692589845836e+23 3.37800120910825e+21 2.00096659945282e+22 
4.46557480577691e+01 3.77000000000000e+02 1.04692589845839e+23 3.37800120910826e+21 2.00096659945284e+22 
4.73557480577691e+01 3.77000000000000e+02 1.04692589845839e+23 3.37800120910825e+21 2.00096659945284e+22 
5.00557480577691e+01 3.77000000000000e+02 1.04692589845839e+23 3.37800120910826e+21 2.00096659945285e+22 
5.27557480577691e+01 3.77000000000000e+02 1.04692589845840e+23 3.37800120910826e+21 2.00096659945285e+22 
6.08557480577691e+01 3.77000000000000e+02 1.04692589845843e+23 3.37800120910827e+21 2.00096659945288e+22 
6.89557480577691e+01 3.77000000000000e+02 1.04692589845845e+23 3.37800120910827e+21 2.00096659945289e+22 
7.70557480577691e+01 3.77000000000000e+02 1.04692589845842e+23 3.37800120910826e+21 2.00096659945287e+22 
1.58055748057769e+02 3.77000000000000e+02 1.04692589845849e+23 3.37800120910828e+21 2.00096659945292e+22 
2.39055748057769e+02 3.77000000000000e+02 1.04692589845886e+23 3.37800120910837e+21 2.00096659945319e+22 
3.20055748057769e+02 3.77000000000000e+02 1.04692589845919e+23 3.37800120910845e+21 2.00096659945343e+22 
3.50055748057769e+02 3.77000000000000e+02 1.04692589845904e+23 3.37800120910841e+21 2.00096659945333e+22 
3.80055748057769e+02 3.77000000000000e+02 1.04692589845887e+23 3.37800120910837e+21 2.00096659945320e+22 
4.10055748057769e+02 3.77000000000000e+02 1.04692589845901e+23 3.37800120910841e+21 2.00096659945330e+22 
4.40055748057769e+02 3.77000000000000e+02 1.04692589845900e+23 3.37800120910840e+21 2.00096659945329e+22 
4.70055748057769e+02 3.77000000000000e+02 1.04692589845892e+23 3.37800120910838e+21 2.00096659945323e+22 
5.00055748057769e+02 3.77000000000000e+02 1.04692589845899e+23 3.37800120910840e+21 2.00096659945329e+22 
6.00055748057769e+02 3.77000000000000e+02 1.04692589845828e+23 3.37800120910823e+21 2.00096659945276e+22 
7.00055748057769e+02 3.77000000000000e+02 1.04692589845826e+23 3.37800120910822e+21 2.00096659945275e+22 
8.00055748057769e+02 3.77000000000000e+02 1.04692589845868e+23 3.37800120910833e+21 2.00096659945306e+22 
9.00055748057769e+02 3.77000000000000e+02 1.04692589845846e+23 3.37800120910827e+21 2.00096659945290e+22 
1.00000000000000e+03 3.77000000000000e+02 1.04692589845895e+23 3.37800120910839e+21 2.00096659945325e+22 
