Time(s)              GasTemp(K)           [O2(X)](m^-3)        [O2(a)](m^-3)        [O(3P)](m^-3)       
0.00000000000000e+00 3.77000000000000e+02 2.42954088004172e+23 0.00000000000000e+00 0.00000000000000e+00 
4.74527076454181e-17 3.77000000000000e+02 2.42954088004172e+23 7.08197538344700e+07 7.20999611562940e+08 
9.49054152908362e-17 3.77000000000000e+02 2.42954088004171e+23 1.41639507668940e+08 1.44199922312587e+09 
1.42358122936254e-16 3.77000000000000e+02 2.42954088004171e+23 2.12459261503409e+08 2.16299883468879e+09 
6.16885199390435e-16 3.77000000000000e+02 2.42954088004167e+23 9.20656799848059e+08 9.37299495031726e+09 
1.09141227584462e-15 3.77000000000000e+02 2.42954088004162e+23 1.62885433819266e+09 1.65829910659449e+10 
1.56593935229880e-15 3.77000000000000e+02 2.42954088004158e+23 2.33705187653722e+09 2.37929871815716e+10 
6.31121011684060e-15 3.77000000000000e+02 2.42954088004115e+23 9.41902725997871e+09 9.58929483377635e+10 
1.10564808813824e-14 3.77000000000000e+02 2.42954088004072e+23 1.65010026434156e+10 1.67992909493870e+11 
1.58017516459242e-14 3.77000000000000e+02 2.42954088004029e+23 2.35829780268477e+10 2.40092870649888e+11 
6.32544592913423e-14 3.77000000000000e+02 2.42954088003597e+23 9.44027318607611e+10 9.61092482202527e+11 
1.10707166936760e-13 3.77000000000000e+02 2.42954088003166e+23 1.65222485694210e+11 1.68209209374658e+12 
1.58159874582178e-13 3.77000000000000e+02 2.42954088002735e+23 2.36042239527187e+11 2.40309170528188e+12 
6.32686951036359e-13 3.77000000000000e+02 2.42954087998422e+23 9.44239777816173e+11 9.61308781988031e+12 
1.10721402749054e-12 3.77000000000000e+02 2.42954087994108e+23 1.65243731605875e+12 1.68230839336200e+13 
1.58174110394472e-12 3.77000000000000e+02 2.42954087989795e+23 2.36063485425405e+12 2.40330800464847e+13 
6.32701186848653e-12 3.77000000000000e+02 2.42954087946663e+23 9.44261023212913e+12 9.61330410996723e+13 
1.10722826330283e-11 3.77000000000000e+02 2.42954087903531e+23 1.65245856053635e+13 1.68233002066986e+14 
1.58175533975701e-11 3.77000000000000e+02 2.42954087860399e+23 2.36065609738694e+13 2.40332962946800e+14 
6.32702610429882e-11 3.77000000000000e+02 2.42954087429080e+23 9.44263142511418e+13 9.61332564199005e+14 
1.10722968688406e-10 3.77000000000000e+02 2.42954086997760e+23 1.65246067064347e+14 1.68233215686382e+15 
1.58175676333824e-10 3.77000000000000e+02 2.42954086566441e+23 2.36065819404698e+14 2.40333174077866e+15 
6.32702752788005e-10 3.77000000000000e+02 2.42954082253246e+23 9.44263302029524e+14 9.61332682533335e+15 
1.10722982924219e-09 3.77000000000000e+02 2.42954077940051e+23 1.65246073824751e+15 1.68233210511484e+16 
1.58175690569637e-09 3.77000000000000e+02 2.42954073626857e+23 2.36065812717994e+15 2.40333144019644e+16 
6.32702767023817e-09 3.77000000000000e+02 2.42954030494958e+23 9.44262793858587e+15 9.61331724504451e+16 
1.10722984347800e-08 3.77000000000000e+02 2.42953987363107e+23 1.65245931091889e+16 1.68232944624128e+17 
1.58175691993218e-08 3.77000000000000e+02 2.42953944231304e+23 2.36065535510476e+16 2.40332629296653e+17 
6.32702768447398e-08 3.77000000000000e+02 2.42953512917457e+23 9.44257501283497e+16 9.61321929745318e+17 
1.10722984490158e-07 3.77000000000000e+02 2.42953081608369e+23 1.65244482506486e+17 1.68230264188521e+18 
1.58175692135576e-07 3.77000000000000e+02 2.42952650304129e+23 2.36062741821989e+17 2.40327460266411e+18 
6.32702768589757e-07 3.77000000000000e+02 2.42948337680034e+23 9.44204501407908e+17 9.61223927416753e+18 
1.10722984504394e-06 3.77000000000000e+02 2.42944025532307e+23 1.65229972223418e+18 1.68203442860874e+19 
1.58175692149812e-06 3.77000000000000e+02 2.42939713870265e+23 2.36034744870782e+18 2.40275729178869e+19 
6.32702768603992e-06 3.77000000000000e+02 2.42896623261374e+23 9.43826557873561e+18 9.60529544387215e+19 
1.10722984505817e-05 3.77000000000000e+02 2.42853581293212e+23 1.65113767340153e+19 1.67990668452927e+20 
1.58175692151235e-05 3.77000000000000e+02 2.42810588625896e+23 2.35795732460977e+19 2.39839610060805e+20 
2.05628399796653e-05 3.77000000000000e+02 2.42767645714649e+23 3.06427654449666e+19 3.11599048156377e+20 
6.80155476250834e-05 3.77000000000000e+02 2.42341073662245e+23 1.00971543869469e+20 1.02408559611640e+21 
1.15468255270501e-04 3.77000000000000e+02 2.41919848139914e+23 1.70713237040003e+20 1.72705325443592e+21 
1.62920962915920e-04 3.77000000000000e+02 2.41504257655421e+23 2.39798948144241e+20 2.42006280121439e+21 
2.10373670561338e-04 3.77000000000000e+02 2.41094585027212e+23 3.08159917690936e+20 3.10268611853843e+21 
4.57361750139622e-04 3.77000000000000e+02 2.39066117962586e+23 6.50106687416865e+20 6.47572670833831e+21 
7.04349829717905e-04 3.77000000000000e+02 2.37230877941394e+23 9.63642133917263e+20 9.51913585772168e+21 
9.51337909296189e-04 3.77000000000000e+02 2.35603105598445e+23 1.24410140538956e+21 1.22137620006759e+22 
1.19832598887447e-03 3.77000000000000e+02 2.34183743557221e+23 1.48965011604348e+21 1.45613886618165e+22 
1.44531406845276e-03 3.77000000000000e+02 2.32963674257542e+23 1.70074365500632e+21 1.65793401832472e+22 
1.78647737136827e-03 3.77000000000000e+02 2.31577805681456e+23 1.93938263482229e+21 1.88737993757889e+22 
2.12764067428378e-03 3.77000000000000e+02 2.30492010307382e+23 2.12427661865219e+21 2.06756021562758e+22 
2.46880397719929e-03 3.77000000000000e+02 2.29652929165125e+23 2.26478625399842e+21 2.20727451700976e+22 
2.80996728011480e-03 3.77000000000000e+02 2.29011893720047e+23 2.36975810255522e+21 2.31448723631407e+22 
3.15113058303031e-03 3.77000000000000e+02 2.28527241349295e+23 2.44685365306698e+21 2.39599860036215e+22 
3.49229388594582e-03 3.77000000000000e+02 2.28163377689605e+23 2.50269978966467e+21 2.45760210498046e+22 
4.25336550246717e-03 3.77000000000000e+02 2.27650707149917e+23 2.57590582432809e+21 2.54549500598557e+22 
5.01443711898852e-03 3.77000000000000e+02 2.27386614108103e+23 2.60851225005387e+21 2.59179232920308e+22 
5.77550873550988e-03 3.77000000000000e+02 2.27251362459488e+23 2.62186976428417e+21 2.61617115608013e+22 
6.53658035203123e-03 3.77000000000000e+02 2.27188731145305e+23 2.62513435538491e+21 2.62804450069657e+22 
7.29765196855259e-03 3.77000000000000e+02 2.27160256654072e+23 2.62458016442613e+21 2.63385023713508e+22 
8.05872358507394e-03 3.77000000000000e+02 2.27145733096252e+23 2.62330356548768e+21 2.63701026848664e+22 
9.57504204131659e-03 3.77000000000000e+02 2.27127228834672e+23 2.62219094389648e+21 2.64093364512079e+22 
1.08356405266163e-02 3.77000000000000e+02 2.27127032953689e+23 2.62039766441565e+21 2.64133147721361e+22 
1.20962390119160e-02 3.77000000000000e+02 2.27133378998030e+23 2.61829600573289e+21 2.64048260008216e+22 
1.33568374972158e-02 3.77000000000000e+02 2.27136828985898e+23 2.61722761796151e+21 2.64000628006301e+22 
1.46174359825155e-02 3.77000000000000e+02 2.27136005995598e+23 2.61719185109446e+21 2.64017803149648e+22 
1.58780344678152e-02 3.77000000000000e+02 2.27134780613636e+23 2.61732093854180e+21 2.64039729039931e+22 
1.71386329531150e-02 3.77000000000000e+02 2.27135091912420e+23 2.61720202415981e+21 2.64035881351889e+22 
1.98152086116086e-02 3.77000000000000e+02 2.27135484377582e+23 2.61709749738723e+21 2.64030122584092e+22 
2.24917842701023e-02 3.77000000000000e+02 2.27135991118576e+23 2.61699763271331e+21 2.64021985057698e+22 
2.51683599285959e-02 3.77000000000000e+02 2.27135900733427e+23 2.61700916777765e+21 2.64023562059411e+22 
2.78449355870896e-02 3.77000000000000e+02 2.27135668112518e+23 2.61704870066503e+21 2.64027423819830e+22 
3.05215112455832e-02 3.77000000000000e+02 2.27135620851809e+23 2.61705673823759e+21 2.64028208282576e+22 
4.37284317848495e-02 3.77000000000000e+02 2.27135625947335e+23 2.61705546553804e+21 2.64028131826030e+22 
5.69353523241158e-02 3.77000000000000e+02 2.27135696522017e+23 2.61704440137600e+21 2.64026941615648e+22 
7.01422728633821e-02 3.77000000000000e+02 2.27135684101419e+23 2.61704689496654e+21 2.64027140155801e+22 
8.33491934026484e-02 3.77000000000000e+02 2.27135676664385e+23 2.61704805007000e+21 2.64027265794424e+22 
2.15418398795311e-01 3.77000000000000e+02 2.27135677378255e+23 2.61704787598822e+21 2.64027254998652e+22 
3.47487604187974e-01 3.77000000000000e+02 2.27135677500157e+23 2.61704785998284e+21 2.64027252880731e+22 
4.79556809580638e-01 3.77000000000000e+02 2.27135677500440e+23 2.61704786019096e+21 2.64027252870909e+22 
1.80024886350727e+00 3.77000000000000e+02 2.27135677500264e+23 2.61704786024011e+21 2.64027252873440e+22 
3.12094091743390e+00 3.77000000000000e+02 2.27135677500263e+23 2.61704786023951e+21 2.64027252873458e+22 
4.44163297136053e+00 3.77000000000000e+02 2.27135677500263e+23 2.61704786023949e+21 2.64027252873458e+22 
1.76485535106268e+01 3.77000000000000e+02 2.27135677500267e+23 2.61704786023950e+21 2.64027252873459e+22 
3.08554740498931e+01 3.77000000000000e+02 2.27135677500251e+23 2.61704786023947e+21 2.64027252873454e+22 
4.40623945891594e+01 3.77000000000000e+02 2.27135677500244e+23 2.61704786023945e+21 2.64027252873452e+22 
1.44062394589159e+02 3.77000000000000e+02 2.27135677500197e+23 2.61704786023936e+21 2.64027252873438e+22 
2.44062394589159e+02 3.77000000000000e+02 2.27135677500227e+23 2.61704786023942e+21 2.64027252873447e+22 
3.44062394589159e+02 3.77000000000000e+02 2.27135677500282e+23 2.61704786023953e+21 2.64027252873464e+22 
4.44062394589159e+02 3.77000000000000e+02 2.27135677500216e+23 2.61704786023940e+21 2.64027252873444e+22 
5.44062394589159e+02 3.77000000000000e+02 2.27135677500238e+23 2.61704786023944e+21 2.64027252873451e+22 
6.44062394589159e+02 3.77000000000000e+02 2.27135677500210e+23 2.61704786023938e+21 2.64027252873442e+22 
7.44062394589159e+02 3.77000000000000e+02 2.27135677500297e+23 2.61704786023956e+21 2.64027252873468e+22 
8.44062394589159e+02 3.77000000000000e+02 2.27135677500288e+23 2.61704786023955e+21 2.64027252873465e+22 
9.44062394589159e+02 3.77000000000000e+02 2.27135677500265e+23 2.61704786023950e+21 2.64027252873458e+22 
9.49096779076135e+02 3.77000000000000e+02 2.27135677500266e+23 2.61704786023950e+21 2.64027252873459e+22 
9.54131163563111e+02 3.77000000000000e+02 2.27135677500265e+23 2.61704786023950e+21 2.64027252873459e+22 
9.59165548050086e+02 3.77000000000000e+02 2.27135677500267e+23 2.61704786023950e+21 2.64027252873459e+22 
1.00000000000000e+03 3.77000000000000e+02 2.27135677500261e+23 2.61704786023949e+21 2.64027252873457e+22 
